5.1750 0.0119 3.3275 10.8108 7.6979 4.5084 1.6112 7.6382 3.6400 0.0006 1.2542 4.4736 3.7455 0.0003 0.0004 0.0618 0.6584 8.5334 0.0438 4.0833 0.1795 0.0217 0.0188 0.3108 0.9238 0.1393 0.0007 3.2434 0.8231 0.1136 0.0001 0.0010 0.0370 3.7347 0.8434 7.2313 9.6485 4.9104 1.8774 3.0426 2.1381 0.8631 0.5036 1.7564 7.6281 5.9580 5.1164 1.0403 2.1267 0.0296 0.2702 4.5936 9.6528 0.6955 2.0228 2.7607 2.2261 1.0581 0.2740
5.1985 0.0124 3.3097 13.1930 4.1392 0.0807 0.1215 7.3638 2.6452 7.7480 0.2725 3.0871 0.2803 5.8713 0.0613 8.4227 0.5387 0.1671 4.5808 0.1382 5.0810 2.4141 6.0579 0.5527 0.2215 0.0011 2.2100 3.5994 3.2687 1.4333 6.2267 0.3262 0.0994 2.1807
5.1958 0.0120 5.0150 13.1729 2.5102 2.9066 2.5474 12.8118 1.8970 0.0027 0.9126 0.3883 5.1276 0.0600 3.3408 3.9328 0.1593 0.3053 1.7212 1.8495 2.4681 0.2576 1.7277 0.5471 0.2549 6.3578 0.0334 5.4904 0.2362 0.0021 3.5222 0.0118 2.3068 0.1695 2.9652 1.7757 3.7596 2.5430 0.1544 0.0011 0.1571 0.0644 1.1348 1.8556 0.6493 0.2109 2.6093 4.0720 0.0027 1.3739 0.1116 0.3600 0.1373 2.1648 2.5195 6.6393 4.8697 1.7433 0.3161 3.9346 0.0010 0.0018 0.6607 0.0164 1.8391 1.2133 5.0326 0.1132 7.8643 1.0249 1.1764 0.8024 1.2529 8.6883 0.0106 5.6370 0.0329 1.1991 5.3533 0.9741 0.1490 3.0397 2.9582 0.8369 5.4392 0.0349 1.6002 1.2100 2.2570 0.0050 3.2488 2.1905 1.0893 0.1673 0.0136 1.2887 0.8825 0.4081 0.0001 0.0692 0.0179 0.1100
5.1958 0.0120 15.3744 5.0716 1.4127 4.9908 0.0135 0.1881 3.7527 0.8159 4.2073 0.2153 1.2296 5.3313 3.3991 2.0357 0.3155 8.3510 0.1230 0.0042 0.2501 2.8586 2.9800 3.8845 1.9413 0.5633 3.7070 0.3253 3.8769 0.0842 0.0003 0.4101 6.2545 0.0588 3.0137 3.6838 1.2737 0.2678 7.2982 0.0093 3.8571 0.0249 2.0466 0.2556 1.0300 3.5096 2.2888 6.0901 5.9377 1.2882 0.0562 0.0201 1.8778 3.6144 6.6972 7.2884 0.0134 0.7101 1.8752 0.0467 0.0008 0.1138 0.0817 0.0249 1.4350 3.4896 5.4165 2.3670 2.4436 2.0840 0.9950 0.1421 2.2511 2.0792 2.2764 6.7841 0.1363 3.4203 1.7605 0.1117 0.1054 0.0150 0.0057 0.6196 2.4579 4.8413 0.2613 0.4622 0.0308 0.0008 3.3760 1.6743 4.5303 2.2290 5.0764 4.1623 0.0022 3.2959 1.0552 0.7413 2.1546 0.5435
5.1967 0.0120 12.7131 3.2751 0.1253 8.5879 0.2546 4.8077 0.2555 0.0009 0.1263 1.9078 9.3622 7.2537 5.6039 2.0730 3.7107 3.2834 0.1449 1.5516 0.5994 8.7410 0.0383 4.5372 2.0373 0.0855 1.9050 9.6253 0.8128 9.3998 3.0863 1.1106 0.3338 1.2017 0.7367 2.6656 0.0084 0.6568 0.2387 2.0560 0.8529 3.3911 1.9834 2.0823 1.6837 2.9691 0.2687 3.4468 3.4306 7.4741 0.9244 0.1045 4.7702 3.4538 4.0526 0.0733 0.4170 0.0878 0.0068 0.4084
5.1794 0.0121 12.3530 3.3279 8.5860 1.6427 3.7065 0.4938 2.1557 3.6459 1.7560 0.6861 4.3116 0.0908 8.8986 4.2249 4.4216 1.7066 0.4354 0.3043 6.4853 0.4979 8.6457 0.0328 4.5059 3.1860 3.0862 0.0024 0.6536 5.2713 5.5246 0.0156 0.0000 0.1724 1.7875 5.3179 4.7645 1.8040 4.1376 6.1947 3.8938 1.7180 0.9718 4.5592 0.0038 1.5901 1.0481 1.2346 1.7690 9.4693 0.1203 2.2054 6.6941 3.2192 0.5535 0.1176 1.2266
5.1961 0.0123 18.0743 1.1898 0.2175 3.8082 4.2252 0.0242 1.3354 0.8107 0.0042 0.0024 1.8741 0.0053 0.0016 1.6139 0.9197 1.4643 3.8479 6.3954 3.1134 0.0081 0.0394 0.1860 6.5633 0.0654 2.7774 0.4529 0.2257 0.0178 3.2196 7.2280 0.0349 0.0696 0.1336 7.8403 0.0862 5.2754 12.5095 0.5662 7.9980 0.5714 2.2624 0.1746 0.0036 0.1552 0.6486 8.9714 13.6533 3.5846 0.4616 0.0538 0.0027 0.0659 0.1863 0.2280 7.1283 0.1495 0.1342 0.7293 1.3584 2.2904 4.4398 0.0207 0.1687 2.3618 0.3745 0.0008 0.2605 0.0166 0.0090 3.1138 2.9511 0.2356 3.2805 6.7222 3.1244 1.2249 2.4074 2.4457 4.9190 0.0154 8.2580 0.0206 0.1907 0.9493 0.0266 6.7168 0.7697
5.1658 0.0120 6.6212 10.7912 5.5035 9.5857 0.0003 5.4565 3.8946 4.6956 0.2682 5.6371 0.0055 3.0617 2.9621 0.6258 5.1335 0.0175 4.5290 0.8098 1.0298 4.5520 0.0118 0.0171 4.5249 4.0965 9.7994 0.9370 0.7328 3.6516 0.0018 1.1328 1.6875 1.5450 0.0855 0.4354 0.4868 2.4956 4.7262 1.8319 1.3869 1.6981 0.0675 5.9805 3.8928 0.0125 4.0085 2.0149 5.5514 0.0036 3.5413 0.3622 0.3155 0.6294
5.1961 0.0123 12.1095 4.9970 6.1776 2.2171 2.4792 0.1608 0.5241 0.1399 0.0136 0.0085 1.9089 0.0747 0.0005 2.9334 3.0623 7.3942 0.1420 7.8914 0.1676 0.0230 0.4781 0.2927 1.1907 3.4978 0.7393 1.3878 0.0810 0.0350 0.0002 0.1890 0.0487 1.9726 0.4954 0.0166 3.1935 9.0736 1.3878 0.6761 9.1038 0.0587 3.4400 4.6890 0.0709 4.4057 4.2648 10.1956 1.6683 1.4629 0.2189 8.0972 0.0057 0.0065 0.5343 0.0006 2.1308 4.0590 9.5669 6.3290 0.0070 0.2108 0.0021 4.8626 1.0929 0.0315 0.0396 0.9698 2.6688 3.5169 4.3902 10.3571 0.4397 0.0124 0.0208 0.0264 3.8664 2.6895 0.2004 2.2048 2.6126 0.0050 0.0026 0.6658 0.5468 0.0060 0.0009 0.6866
5.1961 0.0123 11.7032 4.4463 7.2390 0.0247 0.5709 2.6923 5.5485 1.9840 2.4829 4.2478 7.1172 0.1669 0.0241 0.0118 1.1549 0.1889 8.9910 0.1574 3.8296 2.9385 6.8637 0.1470 0.0202 0.0060 9.1819 4.7892 0.3203 5.1257 0.0668 0.1824 1.6947 0.4751 1.0877 0.0004 0.0113 0.0120 0.0629 1.3095 3.4704 3.5621 3.1451 6.1581 0.2055 1.3347 4.8094 7.7927 0.0471 0.5854 2.9193 0.0011 0.0599 0.0055 0.0097 0.7544 2.5669 4.6814 0.9930 4.5234 4.0998 4.6816 1.8267 3.2264 0.0796 0.0510 1.4266 0.1561 3.2161 1.0926 0.8942 0.0194 0.9729 2.1119 3.4080 0.1913 0.1508 3.3205 0.0629 1.7177 2.2773 3.1268 0.4789 3.7864 3.0103
5.1658 0.0120 4.9962 13.7797 4.1769 0.9028 2.4491 0.0852 0.0009 0.0010 2.7510 4.8387 7.7560 0.3337 0.3748 0.7578 3.2685 2.8794 0.3739 8.3728 10.4321 3.6119 0.2216 6.8282 0.0522 3.0041 3.5912 1.1280 0.6111 1.0842 6.9369 0.1607 1.9589 0.0009 0.0016 0.0258 0.0068 0.0038 0.0010 5.5069 0.0038 0.5698 2.4443 0.0597 2.8601 3.2988 0.0004 0.6246
5.2005 0.0121 3.2910 13.9669 1.5749 4.0572 0.4853 0.0083 1.5382 0.0449 0.0144 0.0004 0.0025 3.8162 0.0032 4.8300 0.0246 0.0003 0.9090 0.0006 0.0132 0.0005 0.0001 0.0550 0.8198 3.2319 6.6140 0.0001 0.1652 10.7386 0.0386 7.6202 4.8542 0.0026 0.9865 0.0024 3.2978 0.1347 2.2717 2.5179 0.0003 0.0004 2.8205 0.0004 0.9150 4.6464 1.9996 0.0005 0.4255 4.2736 1.0291 0.0302 0.0004 0.1236 0.0192 1.7489 2.1837 2.7416 0.1519 0.0959 2.7388 0.3659 0.2652 0.3326 0.0008 0.0210 0.0002 0.8235 0.0148 0.5202 0.0003 0.0001 0.7227 0.0004 1.4531 0.5638 2.0289 1.0747 0.1740
5.2090 0.0121 5.0203 14.7876 3.8512 2.7519 6.7720 5.3677 3.2030 9.0103 0.2456 1.9854 2.3643 8.4458 1.1672 2.2532 8.8842 0.1227 2.8023 2.2097 0.0004 0.2312 0.0054 0.1487 6.6227 0.0027 0.0021 0.5701 1.0778 0.2017 0.1682 7.6104 0.0667 2.2095 4.9859
5.1985 0.0124 6.5597 13.4320 0.8764 1.3137 5.6218 0.3086 7.6125 0.1750 0.0009 1.0034 1.6485 1.4425 0.0666 0.0032 0.0091 8.7931 0.6771 0.5377 1.7594 0.3275 0.6968 4.2519 0.0268 7.6731 1.6738 1.9018 0.5954 0.0059 4.4426 5.3824 0.4716
5.2090 0.0121 7.0203 12.5959 6.1827 1.8094 3.6616 6.1081 0.3712 8.9915 1.1448 1.4319 0.0682 0.3398 6.2839 0.0246 8.4386 0.4318 2.2525 4.7021 0.3750 0.0606 8.5758 5.5971 6.2882 3.9785 0.6248 3.1097 10.8239 5.2763 0.6857 1.9395 6.6042 1.3035 0.6650
5.2090 0.0121 3.3328 15.9126 7.5200 8.0906 0.1986 4.6126 2.0460 0.7732 2.0902 2.6429 0.0245 2.3533 0.0002 0.0082 0.0210 0.0009 0.0030 0.0108 0.0140 6.6793 7.6791 0.1140 4.5719 0.0109 0.3422 0.0186 0.0280 6.4184 0.1872 7.8685 0.0095 0.5244 1.8705 2.4899 0.4942 0.4486 0.0281 1.9392 0.0010 0.7126
5.1985 0.0124 3.3097 14.3180 1.0589 1.3273 4.8073 0.0364 5.2847 1.8784 0.0086 2.9055 6.6124 0.0384 3.7465 0.0976 0.0351 0.0027 0.0001 0.0005 0.0113 0.0179 2.3854 4.1356 0.0003 0.0076 0.0100 0.8438 0.9543 1.7416 0.8457 9.8477 0.0334 4.3833
5.1818 0.0120 12.3378 1.5200 0.1939 11.1570 6.2565 2.9691 0.1499 0.9032 5.0705 0.8237 1.6966 0.0066 2.9060 2.7755 4.7033 0.0628 0.0064 1.6510 6.1748 1.7523 5.6782 0.9096 4.2581 0.2539 9.6176 0.0782 4.5627 3.5583
5.1961 0.0123 10.4845 3.1477 9.4180 0.1982 7.0658 1.0390 0.4306 2.9516 2.0291 0.0022 2.3569 4.0254 2.5508 5.6228 0.0185 0.0023 0.0001 0.0011 0.4917 0.1296 1.2498 4.2495 0.1891 0.0073 0.0732 0.3944 6.6840 0.0360 1.8143 7.7299 1.9977 9.9108 1.8792 0.3923 0.0155 4.4301 4.5577 2.8273 2.7040 1.6322 0.1546 2.4999 0.7664 2.0090 2.0871 7.2265 8.3431 0.8058 0.7252 0.1605 4.9516 2.1133 4.7860 1.4117 0.8948 1.3905 4.3745 7.3321 0.0297 3.7967 4.6078 1.1181 0.0004 0.0211 0.1026 0.0006 0.0004 1.4199 0.2383 0.7906 0.9224 1.7982 2.5549 0.0667 0.2133 0.0084 7.7301 1.1435 5.3588 0.0968 0.6897 1.6389 0.6459 1.0828 0.0109 0.1889
5.2005 0.0121 5.0410 5.9203 10.4608 2.1273 2.4981 0.7018 0.0005 9.4350 0.5389 0.0181 0.0212 0.0206 0.0008 0.0422 0.1922 0.0035 0.0173 0.0116 4.0182 0.0070 5.6788 0.3882 2.3218 0.0002 0.0006 0.0014 3.4380 6.5591 0.7958 1.7561 1.5926 0.1709 5.9678 0.0008 0.4836 0.0060 0.0214 0.3637 6.1478 0.0255 5.3600 3.3368 4.4995 3.1859 0.0273 4.5507 0.5390 0.3467 0.0003 0.0530 0.0007 0.0043 0.5629 3.7456 0.5564 0.9938 9.2732 1.6219 2.5244 1.9008 0.0797 0.5814 0.0532 0.1368 0.0003 0.0012 0.0025 0.5089 1.5824 0.7050 0.0277 0.4109 0.0940 0.2499
5.1958 0.0120 5.0150 14.2667 3.8281 2.4524 3.1422 6.9640 3.8541 0.3066 1.8491 7.3712 0.0520 0.0122 0.1485 0.8791 0.3531 8.7199 0.0835 2.9668 2.4941 0.0338 8.0286 0.0005 2.8223 8.1248 0.1697 0.0019 0.6440 0.0058 0.0063 0.0113 2.7484 1.4983 6.4229 6.9803 0.1506 0.9019 1.7876 6.3388 0.4765 0.1196 2.3335 0.1222 1.2293 1.9172 4.3061 0.0455 0.8524 1.9514 0.0647 0.0695 0.0061 3.7253 0.3830 1.1622 0.0656 3.5787 0.1864 1.3330 4.4454 0.0013 0.1196 0.7005 5.8435 0.6228 6.3962 4.0216 6.6645 2.6193 0.0059 7.1707 0.0485 3.2197 0.2267 0.0040 0.1545 4.3712 9.5527 2.9033 1.8969 1.5141 0.0046 9.7426 0.4085 2.6613 2.7589 8.3747 0.0021 0.0001 0.1766 1.6849 0.0966
5.1958 0.0120 5.0150 13.8604 2.1245 2.2948 5.1990 2.9548 0.0133 0.0000 0.0002 0.0162 6.9179 0.0017 2.2166 2.2201 0.0794 7.8242 1.7824 1.4579 2.0058 3.3815 1.4404 7.6359 0.0211 4.5667 1.4468 4.2703 0.0011 0.3497 4.4198 5.7916 3.3531 3.7098 0.0010 0.7789 0.3177 0.0237 3.7582 7.1347 0.0574 1.8505 3.2512 4.0402 0.0138 0.7706 0.0301 0.0260 2.2784 0.0068 0.0003 0.0000 0.0048 6.4908 3.4854 6.6417 2.1777 1.7534 2.6506 0.1448 9.5858 0.7467 1.9294 3.8322 0.4315 4.6265 1.6550 1.1254 1.3212 0.2623 2.8254 1.5274 1.4967 5.8342 0.0159 2.0798 0.1462 0.0007 3.2805 4.8091 5.3365 8.4066 1.0446 0.0065 2.0897 1.5652 0.7131 0.0523 0.0525 6.9084 0.6229 9.5421 1.4111
5.2005 0.0121 5.0410 14.8656 6.5516 1.5265 7.5970 0.4414 5.4759 1.0607 0.0145 3.5222 0.2133 0.0022 0.1860 0.9110 2.4265 0.3142 0.0005 0.0211 0.2591 8.8697 0.0431 5.1929 1.0116 11.3786 0.1022 0.0012 0.0129 0.6402 0.2018 0.0091 0.0044 0.0030 1.3156 0.1368 0.0002 0.0089 0.0002 0.0145 0.0009 0.0116 0.0015 0.0721 3.4691 0.2466 4.1375 0.0078 0.0061 0.1794 0.0001 0.0003 0.0412 2.7856 9.2975 0.2996 7.0296 6.3107 3.2378 5.6236 3.3553 2.3013 1.6674 11.5449 1.7271 1.3860 2.0187 1.4295 0.0351 4.3997
5.1866 0.0121 4.3898 2.1968 2.3330 11.6480 17.5053 6.4819 0.2303 1.7846 2.4227 2.5885 5.0324 0.0554 1.7778 6.6712 3.0298 0.1303 7.4414 0.0043 0.1857 1.1411 0.0092 1.4766 3.2241 7.9449 1.3463 1.7568 3.4810 3.1402 0.1274 1.0089 1.4087 10.0267 0.1163 2.5966 0.0082 1.6379 0.0007 0.0009 0.9001 3.8943 0.5733 0.6722 3.7630 0.0064 0.9331 0.0005 1.5228 2.1333 0.6383 4.1744 2.2984 1.3208 0.0025 0.0071 0.0106 1.2143 0.5383 0.8877 2.5820 1.2727 5.5343 3.7804 0.0023 0.0030 0.0226 0.1369 0.8264 1.0720 3.4447 3.0014 0.7789 2.7700 1.5030 0.3249 3.2807 6.5802 2.6364 4.2708 6.7326 0.1845 1.7190 0.0006 2.4954 9.5364 0.0485 0.8767 4.8127 3.6079 0.3823 2.7253 2.8838 1.5766 0.5378 0.4768 6.0052 0.0795 4.8011 3.6479 1.6627 0.0035 2.2640 3.7364 0.1706 5.9089 4.5660 2.2160 5.2630 4.9167 1.0605 0.1214 1.1506 1.1818 0.0001 0.7991 1.9524 1.7625 0.7135 0.0003 3.0838 4.8716 0.0205 0.0006 0.0004 0.0005 0.7990 7.4261 2.9532 2.8827 0.0001 1.8055 6.9603 0.8472 0.0222 0.0400 1.6861 0.0025 4.9005 6.7144 2.5194 9.3443 2.2787 5.3925 0.3816
5.1750 0.0119 8.1400 9.5938 5.0096 2.9246 0.0273 7.7002 3.9488 0.6527 0.5665 0.0135 0.0022 0.0044 0.8009 3.4998 0.0006 1.8703 0.1940 0.0028 0.3199 2.2659 1.7075 0.1071 0.0848 7.7228 0.0601 5.1557 3.3196 1.0020 8.1382 11.1135 5.9200 1.7712 4.4265 0.0712 6.3789 0.7752 1.0504 0.9733 1.9517 3.0926 1.2197 5.5487 4.2113 0.0373 0.5005 0.8024 0.2223 0.0465 0.0056 0.9003 1.0036 0.0396 0.0087 0.0679 0.8057 1.0562 0.9743
5.1774 0.0120 13.5302 4.9419 3.8073 2.2054 0.0062 7.4390 0.6303 0.0240 0.0021 2.8517 0.2584 0.0013 1.3324 7.4715 6.7389 0.9900 0.0140 1.1822 0.0053 0.8968 1.1957 1.1540 4.1063 3.9034 8.4375 0.3489 7.1411 2.8183 1.0049 0.0008 1.0707 0.0377 0.1098 0.0860 10.9587 0.1475 9.4354 3.8435 3.7683 0.4065 4.1822 1.5407 0.1914 0.1193 1.3686 0.0050 2.6052 0.0051 0.0423 0.0026 0.7591 1.8887 4.5478 0.0061 0.0120 0.0027 1.4075 0.0018 3.8326 0.0067 3.6621 0.2865 4.2693 0.0915 7.1091 2.7394 0.5716 8.2056 0.0048 4.9832 1.5795 9.1486 1.4876 4.7717 0.6186 4.1644 0.0540 1.4455 0.0004 3.1804 0.1051 0.0003 0.0364 2.3197 0.0024 0.6830 0.0440 0.9245 6.1472 2.2655 8.2370 0.5935 2.1658 1.5017 0.0685 8.4414 1.7871 0.4083 0.1593 0.0075 5.3246 0.0027 0.4549 5.0898 0.3098 5.5484 0.1060 3.2339 1.2357 5.8645 2.4880 0.2496 3.2294 3.2404 0.6704 0.0008 3.6644 0.8352 0.2020 7.0347 1.9929 1.6989 1.1752 0.0016 1.0892 3.3252 3.7639 0.0007 0.3855
5.1958 0.0120 3.3275 13.7489 5.1771 0.8000 0.0021 0.1652 0.0025 5.4781 3.9830 3.6826 0.2182 7.0275 0.4120 0.0015 0.0028 4.3415 0.0106 0.0199 0.0009 2.0513 8.4092 5.0201 0.0069 0.0006 0.0568 0.0037 0.0028 0.0129 0.3724 6.4970 0.0406 2.5398 8.4315 1.3739 1.1848 1.0454 1.0691 0.0240 0.0004 0.0003 0.0524 0.0001 0.0005 0.0005 1.8478 4.9222 0.4359 0.5093 2.8531 0.0511 1.3840 0.0015 0.3972 0.0013 0.0013 0.0003 0.0014 0.0009 1.8589 1.4349 0.0001 0.0036 0.7395 0.5953 0.0000 5.1731 1.6037 2.5840 0.0208 0.3860 3.8941 1.9934 2.9019 0.0726 4.2342 0.7531 0.3193 0.4081 1.6798 3.7448 0.4105 1.8691 0.0012 0.0365 0.0037 1.7613 2.4934 1.2759 1.7102 0.1096 4.6174 0.7690 0.6262 3.1722 0.6696 0.0581 0.4289 0.7371
5.1818 0.0120 5.0253 13.9680 0.6648 3.6527 0.0039 3.7732 1.5485 1.5484 3.2839 0.0824 0.6674 1.5437 6.6122 0.0300 4.1538 6.1090 0.0014 0.3836 3.2623 2.9255 1.5506 2.4980
5.1961 0.0123 3.3282 10.8187 8.4342 0.0342 0.6156 2.1305 8.8358 1.6622 3.5198 5.4911 5.9450 0.7047 1.1556 0.6542 2.1745 0.8117 6.7697 3.2918 1.0829 0.0080 1.6517 0.2296 0.0031 0.0006 0.0016 0.0013 0.1303 0.0004 0.0009 0.0067 0.5622 6.2302 0.0299 8.5874 4.7409 0.0448 0.0596 3.1437 2.6602 3.4456 4.7709 0.0006 0.0110 0.8539 0.0015 0.0011 1.1105 0.3125 0.7960 0.0003 1.2163 1.2520 1.4199 2.7147 4.0410 0.1493 3.7713 0.3314 0.0009 0.2866 6.6926 0.9282 2.3851 0.2087 1.8777 0.4833 0.1494 1.6027 2.5613 2.1153 1.5062 0.0014 0.0947 2.9197 2.0572 6.2985 0.0007 4.1968 1.0258 0.7146 0.6386 2.0469 3.0274 5.4908 0.0010 0.3457
5.2005 0.0121 3.2285 21.2977 2.9081 0.2030 2.3325 10.4063 2.3311 5.6827 3.9904 4.1496 3.5659 3.4592 2.1549 0.0042 2.8836 0.0105 4.3774 8.0088 0.2691 6.5342 1.0164 0.0011 0.5378 0.0370 0.0289 0.3486 1.0689 4.3578 0.2382 4.2294 5.6577 0.0083 9.2351 8.8775 0.2882 0.4615 3.7445 0.0030 0.4500 3.7510 1.5117 9.5979 1.6240 0.0801 0.1487 1.3549 0.8246 1.7590 2.3021 0.3647 1.4923 4.6689 1.3320 0.9947 1.4395 6.2624 1.8551 1.0560 2.4091 2.7242 0.0539 0.0179 0.2136 5.3235 0.9344 0.1552 0.7885 3.3280 0.1362 0.5486 6.6183 2.6098 0.4954
5.1956 0.0121 15.4533 0.9137 10.7551 2.4619 5.3589 0.0913 0.6833 0.0098 0.0652 8.0181 0.0181 8.2240 0.0369 0.0020 9.0418 0.9042 4.6849 0.0053 0.1613 0.0007 0.0771 2.4710 1.3428 2.9476 1.0550 7.2141 2.2935 2.9397 3.8040 0.0140 5.9113 0.0161 6.2288 2.7669 0.3489 0.0416 0.7833 0.0006 0.0044 0.0001 0.0001 0.0674 1.1203 9.5695 0.1967 2.4217 0.0047 5.5831 0.0131 2.1341 1.8416 0.0031 2.4793 0.8386 0.7667 0.9100 0.7404 2.1216 0.0113 2.4032 0.6882 0.0008 2.1151 2.4003 5.0411 5.3647 0.6755 2.8884 9.7509 2.2549 1.4380 4.7527 0.1970 3.5388 2.2406 0.7538 3.5324 1.2071 3.6581 0.6810 7.1104 3.9853 7.5805 2.3012 1.6546 6.3470 1.0944 2.8759 2.3348 7.2853 0.1075 0.5334 8.4207 0.0908 0.4914 0.1129 4.7212 0.0070 11.8694 7.0094 1.6913 0.9305 3.7393 4.5993 0.3188 0.0004 0.0021 0.9039 5.5953 0.1216 5.4561 0.2904 0.0018 0.4234 0.0028 0.6324
5.1958 0.0120 6.6400 11.4944 0.3624 7.9634 0.9332 2.3847 0.0294 6.9696 0.2038 0.0218 0.0047 2.5892 3.7619 2.6983 0.0007 0.1029 0.2128 5.9122 0.0202 7.3730 5.6734 2.4962 1.6886 3.2173 3.1762 6.1235 10.8166 1.7474 3.0034 1.1730 5.4548 0.1293 2.5600 1.3781 1.7231 6.1905 0.0002 0.5769 4.2964 1.4266 0.0052 0.0079 3.2064 6.7764 0.5227 0.7996 1.3029 7.2042 0.0372 0.0010 1.5657 5.8615 0.0173 1.0902 0.0041 0.0064 0.1434 0.5688 4.3558 1.4268 3.4067 10.0090 0.0046 0.0001 0.0006 0.2932 2.1755 10.7461 0.0481 2.7129 0.0060 5.0818 0.9247 1.9992 9.8080 1.7363 1.0268 0.0078 0.1066 1.7631 1.3368 7.8378 2.7722 5.8220 1.7140 0.0549 0.0129 4.4028 4.1997 1.9713 0.0089 0.0111 1.6665 6.3790 3.5774 4.0324 0.5882
5.2005 0.0121 17.1646 3.4146 1.3154 5.7547 5.5192 0.9740 0.0305 3.0545 1.2826 0.2578 0.0242 2.1148 3.8921 0.8496 8.5179 1.0566 7.8868 11.0762 0.4978 0.0176 0.6639 4.9858 0.0319 2.4079 0.1288 0.1613 0.3254 0.1878 0.0001 0.0001 0.0381 0.0156 0.0032 0.0014 0.8286 3.3135 5.5924 0.0006 1.8301 2.3495 0.0053 0.8555 6.8685 0.1540 1.6666 2.1528 3.5516 4.1759 0.0067 1.5934 8.1025 1.1086 0.3368 3.6944 2.4546 1.3553 1.5660 0.3785 1.8597 6.5653 2.1248 5.5931 5.7270 3.0759 1.8066 5.4449 5.5354 0.0696 6.5503 3.7238 1.0993 2.8884 1.1553 1.2530 2.8159 4.7729 3.2008 0.3118 0.2818
5.1961 0.0123 5.0157 13.0785 6.4633 4.9866 5.7055 7.9755 0.0378 6.1319 0.8873 0.2982 1.2797 1.3977 0.7183 0.0036 0.0065 0.0035 0.0723 1.0148 0.1438 6.4917 0.0424 4.6832 0.1081 3.0740 2.0398 3.5106 0.3606 0.3878 0.3456 0.5750 1.2713 0.0794 2.5486 0.0008 1.4804 3.4505 0.9592 2.1895 0.3063 4.6338 0.6033 0.0385 1.7992 0.0013 0.0003 0.0134 0.0023 0.0053 2.3206 7.6948 7.3876 0.0014 1.7142 5.6853 2.1843 1.3675 6.1309 4.3877 0.1554 1.0424 0.7470 0.0559 0.0002 8.0059 0.0287 0.0287 0.3245 8.6755 0.3368 0.0256 1.2338 3.9266 3.7292 1.5343 3.1051 4.7358 0.0019 0.0000 1.6445 0.5822 1.2757 0.0012 0.0372 3.2323 0.2951 0.0002 0.2577
5.1658 0.0120 3.3087 17.0560 6.9127 2.8416 0.1871 2.7118 3.9027 3.1949 1.9619 6.1521 0.1377 7.6302 0.4637 0.7680 0.0006 0.0841 1.3620 0.2171 0.1924 7.9313 0.0277 5.9725 2.5719 6.3864 6.6580 0.6203 0.5202 8.3385 0.9988 10.7732 7.8897 1.3082 0.2163 1.5885 1.7985 0.0320 1.3700 5.0045 0.8937 4.1312 7.3450 0.1619 2.5727 4.0113 3.1620 0.3336
5.1658 0.0120 3.3087 6.4134 1.4588 5.4087 0.1293 6.3766 1.6137 0.0398 6.5286 8.6465 1.8066 0.0689 0.3567 4.7438 4.6530 0.2370 2.8533 2.8473 0.2678 5.2328 0.2173 0.0001 0.0011 0.0006 0.2679 4.7200 0.0186 2.0722 3.9620 7.3718 3.6336 2.1058 2.0703 2.4651 0.2260 0.9006 0.0021 0.0019 1.3568 0.6427 0.0398 0.0892 1.2381 0.0038 0.0026 4.6352 0.7130 2.2414 2.5225
5.1887 0.0120 8.9526 8.9110 2.0872 0.5404 0.8668 1.7144 4.2056 2.2574 2.3885 0.0100 0.0083 0.0036 0.0004 0.0006 0.9560 1.1085 3.7391 9.1648 2.8698 0.0070 0.0706 0.0004 0.0338 1.3764 2.1292 1.1385 6.9746 0.0491 1.6590 0.4089 0.0670 6.9548 0.1132 5.2116 0.1413 2.6257 4.0449 0.1351 3.5087 1.7925 4.3370 0.0045 0.1693 0.0116 0.0389 1.3445 1.3507 1.3409 0.0071 0.4851 1.4152 0.0025 0.0023 0.0012 0.0001 0.0003 0.2803 2.8973 3.7071 0.2814 1.6005 0.3137 8.0958 6.3725 0.5125 0.2728 8.4373 2.3804 8.4986 1.4264 4.3591 0.9608 4.1287 5.7393 2.4496 0.0068 0.0422 0.0036 0.0319 0.8493 1.7768 0.0060 0.0046 0.0123 0.0002 0.0014 0.0790 0.6116 4.9171 0.0525 1.9867 4.9320 6.7247 0.0014 0.0021 0.0032 4.3471 1.7527 0.0164 2.1612 1.5198 0.0556 0.0354 0.5680 2.7314 0.0590 0.2662 0.2084 0.0033 0.0045 0.0088 0.0003 0.0024 0.0416 0.6103 5.8191 2.3775 1.2613 1.3787 0.9234 0.2311 0.0014 2.0054 0.9517 4.1882 1.3202 0.0690 0.0444 0.0017 2.5820 1.3874 0.3894 3.2309 0.0034 0.0306 1.9998 0.0020 0.0035 0.0051 0.0001 0.0006 0.0454 0.8367 2.0064 0.7580 2.4264 2.3815 1.2436 3.7979 1.2634 3.1823 6.6646 1.8124 4.3013 4.7918 2.4466 1.4028 0.0122 4.4620 0.0038 0.2695 0.7457 0.0009 0.0007 0.0014 0.6109 0.7194 0.0050 0.0942
5.1808 0.0120 8.1216 7.4391 4.5970 4.7520 0.0473 7.0839 3.4870 3.0347 2.8020 4.6981 0.5724 4.1627 0.0054 2.5268 0.0061 0.0014 0.1990 8.3292 0.0455 6.3068 0.3325 0.8262 0.0134 0.0433 0.0002 0.7133 6.0103 1.8757 0.1061 1.7550 0.9961 0.4076 1.6083 1.0554 2.1065 6.7539 0.0539 0.1637 0.0007 0.0152 0.0033 0.0087 0.4561
5.2090 0.0121 5.0203 14.6157 4.1237 6.8834 4.3143 5.7612 3.1399 2.9552 0.9926 0.1804 6.5329 0.0208 9.2561 0.1221 0.8389 1.4095 0.3604 1.9941 2.1460 5.9184 0.4947 0.6707 0.2008 4.1299 1.3220 1.7533 0.8460 3.6547 2.3133 0.2832 3.4702 6.9089 5.8589 3.0820 0.0320 2.3373 8.1742 4.3211 0.2796
5.2090 0.0121 9.8953 10.4228 0.9481 1.5235 0.0017 0.0004 1.8607 1.5063 2.5586 0.0012 0.1020 8.1353 3.0110 0.0600 0.0002 0.0407 0.5781 3.7874 0.0099 0.0002 3.2928 7.1812 0.0890 1.8093 0.0003 0.0021 0.0015 0.2651 0.0003 2.1127 0.0017 0.9447 7.5077 0.1253 3.4767 9.5710
5.2005 0.0121 5.0410 7.0453 6.1589 5.8794 0.0187 8.7099 1.8779 1.2124 0.0010 1.1425 0.3050 0.1775 1.2763 5.0532 0.0013 0.0008 0.0004 0.4268 0.1030 0.1767 5.2553 0.0213 11.6147 8.8689 3.6400 0.3702 2.1288 0.0120 4.7943 3.0198 1.0319 5.3123 1.1614 0.4767 3.3163 1.3592 2.1941 0.0679 0.0007 2.6158 0.0019 0.0002 0.0015 0.9845 2.1398 2.8434 1.4121 0.0020 1.8693 0.0709 1.9753 6.5405 7.6653 0.0489 1.4687 4.8367 5.9212 2.0109 0.0043 4.4819 5.2968 3.0229 0.1655 0.1575
5.2005 0.0121 7.0410 11.3998 1.6866 2.9664 0.0003 10.1855 5.0219 0.0001 0.0006 0.4027 5.9214 0.0198 3.6269 5.7382 0.5092 0.7064 0.0010 2.1680 0.5636 0.8916 0.0000 0.0004 0.7001 2.3973 4.7631 0.7485 0.3265 9.0057 1.1377 3.7210 2.8903 7.3834 0.0090 8.8169 7.9847 1.5601 2.0983 6.2300 6.9512 6.0809 8.3023 0.0123 6.5843 1.4664 2.0329 1.3700 3.2960 0.1455 0.9516 2.4593 0.9007 0.4848 2.3909 0.9892 1.3837 0.2603 3.3648 0.0465 0.4395 11.6696 1.0384 0.0626 1.3449 0.4680 1.8390 0.9328 4.8684 4.1727 0.9436 0.1543 0.5703 0.0017
5.2089 0.0123 7.0150 11.2918 10.2854 3.0644 3.8062 10.2102 1.2218 5.5622 1.7082 1.4386 0.6317 7.8630 0.0025 1.8245 0.0142 1.4452 1.5020 2.1257 1.0892 2.8717 0.0010 8.0580 0.8382 2.3424 2.8501 0.0085 0.0644 0.0953 0.8458 0.2970 6.3554 0.0421 4.3006 2.7008 2.3755 0.8644 2.6867 7.7672 0.0778 8.4965 0.0044
5.2005 0.0123 12.9841 2.0620 4.1030 1.8869 2.2527 9.1423 0.1774 1.7346 0.0032 1.7338 0.0033 0.0760 3.3123 3.7565 4.8841 4.9457 0.0811 0.0044 6.7154 0.0169 0.0412 0.0053 1.8611 0.6996 6.9317 4.0790 0.0248 0.0003 0.0010 0.0037 0.0157 0.1737 0.0004 0.0321 0.0035 1.0025 8.2001 0.0894 2.6834 0.1745 0.0043 0.0004 0.0326 0.0005 0.0015 0.0076 0.0006 0.0016 0.0025 1.9167 2.8822 0.0793 9.2566 0.7689 0.7720 0.0006 0.0131 0.0001 0.0486 0.0000 0.0169 2.0179 3.8307
5.1961 0.0123 6.6407 13.5207 1.8373 4.3476 7.1668 0.1028 6.6494 5.2491 0.1143 1.6482 0.0004 2.3326 0.2659 5.9785 0.0195 5.0006 6.4976 0.4739 5.2080 1.3124 0.3227 3.0735 1.3505 0.0106 3.3857 0.7018 3.7032 1.9175 2.1101 0.0019 2.1428 0.0549 0.8853 8.8093 5.3659 1.2651 2.0566 0.8705 3.9609 2.0669 1.2912 0.0054 0.8087 5.1162 1.1131 9.3271 3.1356 0.4854 2.3832 0.0010 2.1451 3.3049 2.5729 1.1922 0.9826 1.9560 5.1444 1.7059 3.3778 0.0108 2.6890 0.4762 0.0270 0.4998 5.6077 0.0529 2.9857 1.1497 1.8469 7.9228 0.0068 0.3810 0.8646 0.0571 5.1562 0.0985 0.7601 0.2087 0.2528 4.3503 1.2933 1.9854 1.6537 1.1771 1.4607 0.1470
5.1958 0.0120 3.3275 7.0301 5.9503 9.3480 2.0197 5.8750 0.0020 2.9285 0.0348 0.0155 0.0009 0.0613 0.4278 0.9066 0.0010 0.0307 3.0056 4.0689 0.8752 3.5318 1.0583 0.0005 0.0070 0.0003 0.0001 1.7457 4.3138 0.0006 0.0023 0.0493 1.2442 0.2773 3.7017 0.0006 0.8353 1.3672 0.0001 0.0007 2.4262 0.0001 2.5671 0.1110 8.2320 0.0169 2.4636 2.5802 1.2659 2.1201 0.5210 1.4918 0.0002 0.0014 0.0435 0.1743 0.2541 0.7224 0.0001 0.1448 0.1016 0.0008 0.0004 0.2652 0.0002 0.8001 0.4565 3.5051 0.0444 0.0000 0.0622 0.0060 0.0002 0.2369 4.9581 0.5076 2.5462 0.9611 1.8712 1.4872 5.4751 3.8226 7.0565 6.4866 1.8988 5.0693 0.0127 0.0266 0.0871 0.5406 0.9003
5.1958 0.0120 8.9525 7.9204 1.9101 11.6777 4.8381 12.3751 0.3503 13.6607 7.6360 3.3118 0.6878 8.1241 7.1547 0.0950 6.5629 0.5349 0.0097 0.0342 0.3821 3.9822 3.5900 1.8836 2.8909 3.0031 2.4541 3.0119 6.2070 0.4125 0.0013 2.3091 3.8548 0.8970 0.3774 6.7622 0.0739 5.8006 1.4428 1.6486 0.3326 4.9102 1.9765 3.6356 0.0765 0.9755 0.2200 0.4396 3.4816 3.4002 3.8406 0.0746 2.1686 0.0201 1.2895 0.0007 0.0097 0.0083 0.0019 0.2092 8.1914 0.5141 6.0164 0.2225 6.3507 0.1392 6.5701 4.8001 0.2118 6.7277 1.5563 2.3580 1.1674 0.9375 1.7769 5.7545 4.7184 1.1800 0.0311 7.8781 0.0484 5.0224 2.8435 3.7430 0.0276 0.0029 0.0007 0.0344 0.0003 3.3874 0.1115 0.3190
5.1956 0.0121 3.2814 7.1004 7.5130 0.1419 4.6386 7.6197 3.3371 0.0044 0.0032 0.5844 0.0276 0.1336 0.2200 0.0802 0.0022 6.9041 0.0143 1.3064 3.0716 0.0011 0.7592 0.0006 4.0444 0.3551 0.7537 6.1537 0.0137 2.0561 5.6098 5.1005 0.1739 0.2949 3.4999 7.2372 0.0185 2.6021 0.0628 0.0009 7.5935 0.4728 0.9769 0.5627 2.2697 5.2363 0.6274 0.4598 0.1769 3.4727 1.4132 0.0058 0.0007 0.0003 4.6327 0.0035 0.3792 5.8064 0.1398 3.2393 2.9399 0.0006 0.3237 0.0011 1.0241 2.8580 1.1837 2.4105 2.5895 3.8036 0.8192 2.5523 0.0650 6.4095 5.0878 0.0018 0.1493 4.0730 0.0020 5.6969 3.2691 4.6891 0.0351 2.3720 3.2780 5.6757 0.1474 1.2640 1.7599 2.3804 2.3324 0.0799 0.0009 0.0000 0.2529 0.0010 0.0001 0.5763 4.4895 0.0086 1.4359 5.6386 0.0159 0.0436 1.7264 0.0010 1.0698 3.0268 0.0107 3.7987 0.3444 2.9091 0.4589 0.7090
5.1750 0.0119 10.6400 8.2818 0.1878 4.0820 3.3563 1.3188 2.6071 5.5026 0.0062 0.0899 8.7725 0.0129 0.1345 0.8407 3.8463 3.8131 1.4104 0.6065 1.1727 1.6975 3.3197 5.2864 2.8320 0.0611 3.8972 0.7078 9.3528 0.0974 4.4541 0.0400 0.6407 0.0075 4.7608 2.2062 0.0543 0.0014 1.2685 2.1829 3.5306 0.0369 3.2750 0.5969 0.0062 0.0006 0.0260 0.3199 0.6054 0.0003 0.0030 2.0976 0.0423 0.7090 0.3773 0.0784 0.0082 0.5196 0.6183
5.2117 0.0120 8.0983 6.5970 5.4749 11.2065 1.2710 4.8632 6.4273 0.0547 4.3596 0.0158 0.0090 1.2528 0.6798 6.6153 0.0005 0.8281 0.0005 0.0048 0.0003 0.0031 0.0060 0.0021 0.0000 1.0754 7.0419 0.0398 5.5773 10.6214 2.4394 7.2589 0.0158 2.3133 5.5612 0.0982 1.2967 0.0746 3.4018 2.0172 5.9304 0.8202 0.7209 4.5585 0.9882 5.1666 0.0015 0.1284 2.9932 1.5106 0.1387 0.3676 0.0313 0.2463 4.2003 0.0070 0.0147 0.3533 2.1897 0.5856 0.9264 0.0819 5.5432 0.0959 0.3140 0.0958 0.6446 3.1919 1.8625 0.3073 2.0815 0.0088 0.4421 1.4056 5.7654 0.5684 1.8023 0.1383 0.5898 2.9882 0.0117 2.4314 2.1646 0.4118 3.2332 0.1246 4.3105 2.4298 0.6332 0.0590 0.2631 2.7039 1.9438 2.6832 0.7722 0.0215 1.3382 3.1886 2.0437 0.7780 4.2819 1.4145 0.0650 2.3950 0.0011 0.0257 4.0052 0.0025 0.0000 3.3906 0.0050 0.5740 0.0001 0.0069 4.1982 10.4046 0.0111 3.2997 1.7068 3.9704 8.5410 2.9795 0.0100 1.9561 0.4082
5.2005 0.0123 5.0153 6.9854 10.0910 1.2442 0.0119 5.0640 0.0946 1.6075 2.7681 7.2161 1.6736 4.4903 0.5278 1.1098 1.5309 2.3484 0.2177 0.8269 7.5463 0.0350 2.3040 3.0005 0.0006 0.0144 0.3935 0.0019 0.0332 0.8445 6.0075 0.0394 0.9964 2.6052 0.3849 0.3511 0.8327 0.0458 0.0746 0.5995 3.2374 0.0273 1.4962 2.1282 0.0414 2.4552 0.8960 6.1106 1.9872 0.2186 0.2812 0.0571 1.4410 1.1895 1.7501 0.6242 2.0454 1.8565 3.1980 0.6467 2.7819 4.1430 0.2299 0.2117
5.1750 0.0119 10.6400 9.2505 0.7628 0.9547 0.0177 3.0846 2.3507 4.3910 0.5837 3.5487 5.5340 0.0616 1.0592 3.8959 2.8903 1.0317 1.6610 2.2008 0.1627 7.0001 0.0383 3.3483 5.4928 7.4116 0.0200 12.5535 0.7136 4.4802 0.0381 0.0030 0.5261 0.0011 2.6772 0.7538 0.0087 0.0267 0.0050 0.0030 0.5371 0.0139 7.2856 0.0855 0.0038 2.3190 0.0086 2.1339 3.0040 0.0263 1.5087 5.5503 0.1450 0.9761 4.0657 0.0013 2.1410 0.0049 1.0780
5.1956 0.0121 5.0314 14.3970 2.3237 0.4903 0.0626 0.0045 0.0506 2.7346 10.0482 0.0650 0.0043 1.9170 0.3996 4.8976 0.0229 7.9515 0.3272 4.9757 2.7015 9.5946 5.4143 0.0505 2.2060 0.4099 2.9521 0.0009 2.5933 0.2415 5.2405 3.2446 2.1659 0.0155 0.4693 0.0002 0.0006 0.1417 3.1052 0.2803 0.0537 6.5661 0.2350 0.0098 0.8406 0.6903 1.9320 0.0271 3.7793 0.2367 3.9759 1.1856 0.0314 0.4242 0.0069 0.0005 0.0220 0.0065 0.0101 1.5483 1.9118 0.0114 0.1529 1.3349 0.2969 2.3270 0.7217 3.5192 0.0012 0.2727 0.6754 0.0374 1.1825 0.0004 0.0004 0.2254 1.6602 0.4359 2.7228 2.3790 0.8671 0.2466 2.8871 2.5162 4.7288 0.0019 1.6462 4.4437 0.0968 0.6152 0.0007 0.1714 0.8055 0.0006 0.0008 0.1414 1.7856 4.4370 9.4876 1.9842 3.3649 3.1755 3.1636 0.5541 2.4159 0.0016 0.8743 0.0008 1.6989 1.8304 2.4692 0.8220 0.7541
5.1985 0.0124 4.9972 15.0831 0.1455 3.7401 4.3771 5.8374 1.4663 0.0001 0.0386 8.4260 0.5851 1.4083 1.5083 0.0003 0.0494 0.2213 6.7219 0.0302 3.0422 3.6158 0.3358 0.7625 0.4036 6.6442 0.3453 0.0769 0.2894 3.7595 0.0202 1.0558 0.0005
5.2005 0.0121 5.0410 13.4515 9.6413 0.1630 1.6110 5.7459 0.0046 5.2243 0.2823 2.3738 0.0219 7.3842 2.5016 1.6650 3.7493 0.4668 0.0001 0.1130 5.3985 0.0252 3.0369 0.8419 5.9770 4.3246 0.0061 1.9840 0.0004 0.0798 2.4248 4.1936 0.0061 2.0558 1.6604 7.5699 2.0685 0.0018 3.8524 0.0106 0.0634 0.0009 0.1070 2.9344 0.0819 5.7368 4.7607 0.0062 7.3435 0.0044 0.0025 1.8009 0.0121 0.3001 0.0005 3.2269 0.8434 0.7330 3.7480 6.1286 4.7155 0.6126 3.7795 0.0605 3.3898 0.0055 3.3418 3.7599 1.1021 4.8248 2.0222 0.0029 2.8765 0.0083 0.8251 0.5142
5.2005 0.0123 14.0778 0.7085 3.1841 2.9122 1.4539 3.3587 9.8038 0.3052 4.7579 0.8977 0.3549 1.8506 3.0037 3.4607 5.9198 0.8470 5.7481 9.6246 1.5024 0.0664 9.2367 0.0394 2.2190 3.7116 2.6039 0.6914 0.0149 6.3670 0.0338 6.7093 0.0472 1.3429 2.7984 0.0229 0.1018 0.6876 0.0703 2.7940 2.0622 0.0117 2.9872 0.9109 3.7199 2.2296 4.3787 3.5128 0.4950 2.4105 0.0261 8.2806 0.5160 0.6862 0.9511 5.4683 0.5738 3.0305 0.0839 3.3209 3.1060 0.4820 0.0120 4.3020 11.7617
5.2090 0.0121 13.2390 4.0850 1.9242 2.7535 5.1062 2.0850 1.1841 5.5765 0.0218 1.5287 3.9310 1.7000 2.6771 1.1966 0.5216 1.9827 0.3642 8.0963 0.0351 9.3229 0.8702 0.1177 5.2603 0.8743 2.9598 3.1858 1.0160 4.0907 3.0359 4.4202 2.1255 0.4544 0.0446 0.5934 0.0006
5.1952 0.0120 15.1120 5.4951 2.1907 4.3285 1.9885 1.0314 2.5278 2.9617 0.0627 0.6950 1.2383 4.2992 3.5852 0.0008 0.0001 0.0223 3.2105 0.0088 2.7151 0.3151 1.0815 5.5489 1.8721 1.0060 9.6266 0.0382 2.4324 3.0691 0.7069 6.3228 1.1341 0.0001 1.0651 0.0700 13.6728 0.0129 2.0560 1.0890 0.0126 2.3844 9.5188 2.1524 0.0157 2.0790 2.9093 9.0621 3.1807 1.2765 0.0009 0.0005 6.5413 1.5567 0.0318 0.0079 0.4439 2.2852 3.9794 0.2386 3.5528 3.6282 0.1051 3.7403 0.0118 1.8897 4.1734 4.2080 4.8000 0.0170 1.7283 0.2951 0.0017 0.0004 0.3026 0.4141 5.4536 1.5152 0.3874 1.8965 1.0156 0.0044 0.0011 1.5924 0.0005 0.0005 0.0064 2.4190 4.7966 0.6910 0.6507 0.8803 1.9361 1.6967 2.3529 0.3103 0.0059 0.2077 1.2813 0.1070 0.6304 2.8877 3.5209 5.2196 0.9700
5.1794 0.0121 12.9468 4.3956 0.3990 4.3115 4.6017 1.4643 6.6320 5.7407 0.3273 1.3877 2.2462 1.3243 5.3866 12.6906 1.5312 4.1126 2.1625 1.2455 0.5953 1.2790 1.5965 1.8632 0.2772 0.0098 0.0155 3.4059 0.1010 0.0722 0.0001 0.0007 0.0005 3.3937 8.4899 0.0589 6.9016 2.0233 1.1828 0.2830 1.6157 5.9337 1.4830 2.0630 7.5710 1.6645 0.0262 0.0011 0.0029 0.2137 0.0504 6.5219 0.8508 2.2576 0.0020 0.1093
5.1818 0.0120 7.0253 5.0644 1.5450 11.1931 0.2150 2.3776 0.6704 0.0003 4.2041 0.0066 0.0003 2.4947 1.1950 0.1654 4.8664 0.0231 6.5781 0.3056 3.8197
5.1808 0.0120 6.9887 13.9210 5.5322 0.0020 10.8508 2.0829 5.6817 0.0537 8.5055 0.9895 8.1850 2.7490 0.9784 5.1875 0.0197 8.5762 3.6513
5.1658 0.0120 6.6212 11.7443 4.0721 0.2972 4.0358 1.8501 2.3186 6.1610 0.0364 0.0118 0.1675 5.4125 5.6288 0.0004 0.8398 0.7938 7.7822 0.0316 5.5457 0.4567 0.0170 4.3811 2.9679 3.8729 1.1913 1.2287 0.9827 5.5165 0.0656 1.0618 0.0019 0.2562 1.2719 6.0031 1.5754 3.0911 2.8187 6.2359 0.0554 1.2488 0.0009 0.1786 1.3372 0.0003 1.0940 0.2911 1.1970 0.1078 0.2971
5.1956 0.0121 11.7189 3.9649 1.1295 6.4073 2.1662 3.8277 0.4835 4.0699 0.2873 3.0771 2.4858 4.7503 11.6440 0.7726 0.0119 4.7597 3.1836 2.5819 1.3618 0.0016 0.0004 0.0041 1.0137 1.9381 4.2646 0.6461 0.3193 7.2882 0.1227 3.0480 1.3395 0.1047 3.2907 0.0601 0.0099 0.1540 0.0117 2.9346 2.0396 0.0051 0.2278 0.4319 6.6650 0.0004 0.1012 2.8712 3.4120 1.2738 0.0205 1.5032 0.0104 4.6146 1.9587 3.0362 7.7120 0.0045 6.9580 0.2862 2.2085 1.7792 1.2131 0.0018 0.6977 2.1048 3.4173 5.5990 4.2441 0.0048 0.0015 2.6180 0.0020 4.5030 3.8225 0.3668 4.1170 0.2613 1.4342 0.0003 0.7517 1.6890 0.3490 2.6329 0.0013 0.0111 1.7189 0.0054 0.5244 0.2029 2.4045 8.8847 0.0139 3.4742 0.0792 0.3843 0.0034 4.2372 0.5385 0.1090 8.0660 0.0560 6.8093 3.0997 0.0086 0.0636 2.8758 1.8224 0.3955
5.1658 0.0120 6.6212 12.3693 1.7676 0.0133 7.1045 6.8750 0.8928 8.8057 0.0838 5.1986 0.1311 2.6928 4.2878 0.2498 6.4632 0.0388 4.9018 4.4525 2.8815 0.0078 1.0735 7.3619 0.0621 0.0032 0.3118 0.0265 1.6161 0.0027 1.0132 1.6645 0.7927 4.3281 2.3045 0.0040 1.6436 5.8489 0.0924 1.9963 0.0016 3.8063 0.5254 2.0366 8.5858 2.8001 4.6362 0.0027 0.0005 0.0241 7.0906 1.2011 4.0910 1.5883 0.4761
5.1814 0.0124 10.6889 10.3732 3.6041 0.2010 0.0061 0.1089 7.5683 4.7456 0.5567 3.0700 0.6672 1.7444 0.0049 4.5657 1.8444 1.7143 0.0024 6.8224 2.6298 0.4917 2.7644 4.1487 0.7447 0.0216 0.3627 2.5667 2.4246 1.4297 0.0044 0.2606 4.8383 0.0335 2.9125 2.2687 0.0011 0.0463 0.0028 0.0501 4.2523 0.8271 3.3346 2.4732 0.0006 0.0978 3.3556 2.2115 0.0002 8.6628 4.4497 3.3849 0.0019 8.6894 6.7272 2.4492 0.2424 0.0744 1.8706 0.0004 0.1187 6.5307 3.5270 1.0794 8.3688 0.3902 2.2752 0.3062 1.9854 0.0161 0.0021 0.0216 0.0008 0.0440 3.7551 0.7525 2.8879 0.0405 0.0010 0.0200 0.0005 0.1029 0.3651 3.4828 1.8970 0.4572 0.0692 0.0118 0.6273 3.7822 0.0315 0.0002 0.0133 0.0014 0.0035 0.2517 0.2236 4.3685 1.0983 1.9820 2.2815 0.0004 0.0238 0.8554 6.4835 0.0352 0.0444 0.9491 2.7502 0.0376 0.0004 0.0123 0.0005 0.0389 0.2520 2.5007 2.9977 0.9913 5.7141 0.8214 1.4298 0.0628 0.0012 3.8533 2.3399 0.6129 4.6472 0.0401 0.2568 0.5306 0.0419 3.5732 2.5221 0.5427 2.1337 0.0011 0.7736
5.2005 0.0121 3.2910 15.7091 1.6748 9.6906 0.0454 1.5971 4.0670 0.9124 5.6928 5.8766 2.4454 0.7581 0.3266 5.9349 0.0151 4.5346 3.5487 4.1992 0.8888 0.7584 4.7042 0.3604 0.3636 1.8022 1.6599 0.2898 0.5277 2.2185 0.3490 0.7017 6.5351 5.4962 0.1780 0.3693 1.0066 1.5663 0.0009 1.8096 2.3517 1.2244 0.3715 2.9925 9.2961 1.9730 3.7444 3.1757 1.1621 0.0206 0.1619 3.6157 3.3239 0.0704 6.3276 3.3053 0.1316 10.5136 0.1567 6.5194 5.3924 2.1051 0.0163 1.4731 2.2942 2.6926 0.0020 0.6816
5.1956 0.0121 3.2814 12.1941 6.4259 0.8432 2.5973 0.0628 0.0035 0.3895 5.8411 0.0350 0.0399 0.0005 1.5129 5.8193 0.2794 0.0121 2.2288 4.9229 1.9272 6.4052 2.3240 0.0053 1.2057 0.0308 0.0139 0.0101 0.0395 0.0058 2.2969 8.0069 2.2080 0.0023 0.0007 1.9878 2.9785 0.1108 0.0009 0.0027 0.1380 9.0014 0.0530 2.9918 7.7700 3.1349 0.0002 0.0012 0.0302 0.0003 0.0092 0.4287 0.0005 0.0082 0.0001 0.0898 10.7999 2.4534 1.9767 9.6185 0.0977 0.0182 1.5757 6.4354 6.2340 1.9880 0.1837 1.7702 2.5457 0.0206 6.5637 0.0092 0.0110 0.0481 0.5220 0.6489 0.0448 0.0002 0.7038 7.3691 0.1547 0.0057 1.8853 0.1151 0.9113 6.4729 1.4503 0.0202 0.0654 0.6196 0.0054 0.0002 0.0072 0.2676 7.3677 1.0937 4.9316 3.9833 0.7026 0.0002 0.0163 0.8590 2.6260 0.0039 0.5327 0.5095 0.0009 0.0599 0.0612 0.0016 0.0001 0.0006 1.2525 2.0971 0.1539
5.2005 0.0121 5.9160 12.8500 1.7593 0.6911 7.5090 6.1566 3.5653 8.7935 4.2811 0.3100 0.0007 1.0914 3.6701 5.0054 0.4192 6.6129 0.0023 0.2478 3.1756 0.2827 0.1614 0.2083 6.0915 0.0307 8.1494 1.1058 3.2550 2.0625 2.1815 3.2572 0.0077 1.6959 0.0357 0.0785 2.2263 0.0356 1.9213 0.0067 3.7145 0.0031 3.2826 2.5294 0.0085 0.9856 0.1152 0.8577 9.7226 0.0122 6.5374 0.9373 2.6920 0.4310 0.1981 0.0266 0.0200 2.0872 0.1797 0.0013 3.7393 1.1573 0.4156 5.6466 6.2245 1.3289 0.2284 3.0872 4.8477 2.3809 0.0088 0.0676 2.3945 8.1826 2.2381 0.1032 0.2681 1.7210
5.1967 0.0120 15.0100 5.8306 2.0903 8.7264 2.7781 3.6153 4.0894 0.1623 0.0694 1.2506 0.0008 3.1008 1.7531 0.7106 6.8625 3.7487 5.4212 0.1159 5.8817 0.0451 3.6638 0.1564 0.0233 0.2107 0.0002 3.8100 0.0435 1.3965 2.1991 3.0136 0.4341 0.0057 0.0303 0.7698 2.7053 1.7520 0.8813 1.0848 0.0037 6.5819 0.9037 5.2765 2.4327 2.3805 0.7934 0.9001 1.5916 0.1488 0.0008 2.3639 1.3794 3.4143 1.6567 2.0759 0.3387 1.8142 2.0265 0.5474
5.2005 0.0121 3.2910 15.8536 10.2457 8.1973 3.0775 2.6725 0.2668 0.0295 0.0500 2.7523 0.0099 1.3142 0.0253 0.0004 0.5688 0.3671 7.1765 0.0413 2.1559 0.0244 4.4623 0.1028 0.2136 4.1451 2.7089 5.3200 0.0004 0.4647 1.6563 0.0003 0.0013 0.8839 0.0015 0.0494 2.2277 2.4864 4.2874 0.0008 0.1065 0.1215 0.0009 5.9281 0.2854 1.6293 0.0147 1.7382 0.0011 0.8275 2.6392 3.0311 3.5214 2.4143 0.2035 3.3478 3.9777 6.3113 7.2230 0.5159 0.1933 0.1340 3.3224 3.7777 2.0808 0.3209 0.1469 0.1435
5.1958 0.0120 13.4213 2.3474 8.3737 0.1874 9.4445 6.9787 0.4205 0.0023 3.1353 0.2499 1.8243 6.1542 1.4365 5.3083 6.2627 1.8052 0.0234 0.6339 3.3640 1.3021 0.3819 0.1298 1.5931 11.6821 0.4471 5.2483 3.4890 0.0846 1.1857 8.6281 0.0439 5.6009 0.8180 1.2093 0.8722 8.3532 2.2404 1.8812 3.9364 2.9665 2.7739 5.4523 5.7479 0.7878 3.1607 1.4961 2.3007 0.0987 0.2188 8.0097 6.1525 3.3473 0.4027 6.4139 2.2775 0.0081 4.1360 0.9942 2.1017 0.0040 1.3196 0.7890 7.0178 0.0376 4.6766 1.5802 1.4474 0.0010 2.4780 0.7090 2.4927 1.4624 0.2901 0.8327 3.2284 0.8004 3.4534 0.0806 1.7194 4.5373 4.4926 2.3467 0.2794 0.1916 0.0004 2.5614 2.3974 1.7684 0.1070 2.8029 0.8226 0.8954 0.0949 2.7495 0.4806 0.2544
5.1958 0.0120 7.0775 16.5018 6.6607 6.4078 6.6973 0.0043 2.4858 4.2707 0.0338 0.0001 4.5872 0.8270 5.7392 0.0099 0.3092 2.5430 6.9802 0.1185 1.5635 0.2705 3.6448 8.4123 2.8587 0.0017 0.2767 0.0116 0.0000 0.1982 0.0575 6.2233 0.0115 2.5705 3.6257 0.0110 0.0001 5.7460 0.0150 0.0005 0.0165 3.8200 0.2559 5.8433 0.0263 2.3745 0.0049 0.7423 9.0009 0.5799 0.0931 0.4765 0.0182 0.0000 2.5987 8.4910 0.0221 0.0017 0.1199 12.6622 0.5834 5.2027 5.5144 4.4091 3.7288 0.0003 0.2152 0.6737 0.0382 0.0000 1.8542 1.4094 7.4525 0.0130 0.0014 0.0073 0.3760 0.0054 0.0388 1.1781 3.2065 0.2287 2.6864 0.0527 1.2399 1.9580 1.6852 2.1876 0.4381 3.4817 1.4570 0.3609 0.4933 0.0006 0.0001 1.6825 0.0045 0.0014 0.0000 0.5499
5.2005 0.0121 3.2910 4.7794 1.2032 2.7980 16.9332 9.1004 5.8335 14.0384 2.9713 6.6486 5.2397 0.0019 0.0001 7.2711 0.0011 3.0521 1.8535 2.7892 0.1769 1.5405 0.0156 0.0073 0.8441 7.3738 0.0649 3.8526 1.4708 3.3944 0.2770 1.9777 0.2612 0.0017 2.4638 1.2903 0.2714 1.4482 0.5148 0.0007 0.0000 0.7816 0.0004 0.7859 2.0584 0.0115 0.0370 0.0004 0.0029 6.8372 5.6682 7.7611 0.0012 0.4142 1.3698 0.0094 0.0640 0.1520 0.3348 7.4794 7.1530 1.1966 0.0003 0.2818 0.6533 0.0269 0.0001 2.2151 0.0093 0.0698 0.4625 0.7458 0.2955 0.0025 0.0263 0.0001 0.0037 0.2901
5.2005 0.0121 7.0410 13.0092 2.4501 1.3296 0.0080 2.9352 1.4133 2.2869 0.1471 9.0081 0.0277 3.0329 0.0027 0.0080 0.0005 0.0270 0.0002 0.0076 0.0000 0.8182 5.7304 0.0505 3.2185 0.0898 0.0008 0.4560 5.5093 0.0198 7.9188 3.0330 0.0071 0.8879 0.3610 2.1386 3.1384 5.1526 6.0260 3.2921 0.2688 0.0112 0.0093 1.9909 7.3334 1.3936 2.6226 0.4368 1.1964 0.3017 3.6368 0.2974 1.9373 3.7643 4.7500 2.1548 0.0083 0.0004 5.9413 3.8181 0.0105 1.5933 4.3546 0.0202 4.0332 0.0006 2.4127 1.3819 0.1335 1.9672 6.7105 0.5630 5.1650 1.9449 0.0131 0.0004 2.8444 3.6391 0.0636
5.2005 0.0121 5.0410 5.9203 9.6796 4.1607 7.8886 2.1447 5.0766 0.0062 0.1862 0.6812 4.5332 0.0966 7.1194 9.0664 0.0177 0.0008 0.0718 3.2981 2.0737 7.4887 0.0635 2.3238 0.6365 0.0016 0.0327 0.0129 1.5067 0.0006 0.0583 0.1267 5.1199 0.0234 5.5698 0.4972 0.8562 4.1172 0.0768 3.5244 0.1122 0.0741 0.1371 4.2591 3.0924 0.1783 0.0003 0.1696 4.5989 0.0175 0.3763 0.0029 0.0033 0.0002 0.1495 6.8633 6.1235 0.6896 10.3958 0.0936 6.3499 0.1810 0.0007 4.4699 0.0409 0.7628 6.4723 8.1957 4.0148 0.3052 0.2096 2.0353 8.2352 9.0695 1.6841 0.1236 4.8290 0.0159 1.3868 3.1941 1.0845
5.1956 0.0121 14.8595 2.2610 0.1643 2.9067 10.2503 5.0885 0.0013 0.4663 7.9612 5.9959 2.9749 5.7314 0.0493 0.0003 1.6219 0.0011 0.0786 3.2511 4.8801 5.9054 1.3685 1.8061 2.4425 0.5732 7.5039 0.0286 2.3367 8.9927 6.8192 1.1181 0.0306 1.5044 1.6183 1.2062 4.1395 0.2058 0.8426 1.4910 9.4571 0.0032 0.0010 1.3631 3.8000 4.5896 7.3492 1.9199 3.9965 3.9414 0.9864 0.0050 0.0034 0.0006 0.0849 0.0952 0.0429 0.0006 0.0005 0.0003 0.3962 3.8762 0.9326 1.1430 3.7033 1.0776 0.3850 0.4905 2.6150 2.5012 5.2103 0.0040 2.9242 3.8103 1.7862 2.9936 3.3622 5.4080 4.2594 0.0057 1.1320 0.0006 4.1757 3.5858 0.2397 3.5408 1.3697 0.2776 2.1138 4.1334 0.0640 0.0047 3.5917 0.2805 0.3021 3.2616 1.6378 0.9151 0.1255 3.2994 0.1501 0.0036 1.1770 0.0566 0.1882 1.3112 0.5923 0.3155 0.0781 3.2003 1.7271 1.2821 0.3364 2.2589 0.6202 1.3973
5.2005 0.0123 15.5700 0.5887 4.5072 8.0088 4.0510 0.5449 0.0183 0.0426 3.2343 1.2719 0.0488 5.7381 2.2732 4.6847 1.8795 3.9544 2.9981 0.6224 0.9152 3.1302 2.8823 0.8581 0.1334 0.0400 0.2387 7.4728 0.0470 5.4531 3.1916 1.5633 0.2893 2.3718 0.0015 12.7711 1.1868 1.9271 2.9771 1.4002 4.9982 1.6930 3.2711 0.7031 3.4913 2.7412 2.3309 0.4328 10.5848 1.1719 9.7400 3.7376 8.8871 0.7315 1.4263 5.9828 1.8181 1.3964 2.6696 6.5760 0.0457 2.8284 0.0049 3.9517
5.2005 0.0121 5.0410 15.7074 2.0733 0.0068 0.0015 1.5284 0.0937 0.0003 0.0001 0.0375 0.0002 0.0026 5.0299 5.2486 0.6130 0.0154 0.4098 0.0118 0.0408 2.7901 0.3668 0.0002 0.0008 0.2550 6.8481 0.0064 5.5635 0.8404 0.0001 0.0463 4.1578 2.5536 0.0001 0.0862 0.3451 0.4828 9.8513 0.0333 4.8814 0.8943 4.3404 0.1052 1.4012 0.0071 0.1506 14.1007 0.5253 0.0437 2.4160 0.6198 0.8511 0.6001 0.0461 0.1368 1.4091 10.9651 0.0386 3.0099 1.8401 0.0086 0.3585 0.0366 0.0003 6.5274 1.1432 0.2853 0.0001 0.0292 0.0816 0.2994
5.1818 0.0120 3.3378 6.4129 0.7094 8.8458 6.4297 4.7190 2.4787 4.2730 7.6619 0.0043 0.0051 0.5509 3.9912 0.0305 2.4239 4.4415 5.4800 2.6738 4.5302 1.6161 0.2421 0.0719 0.8091 5.1292 0.0013
5.1866 0.0121 5.0148 13.2828 3.4413 0.7984 6.8589 4.1741 6.3024 0.0385 2.4837 1.2051 4.0741 0.2118 0.0004 0.0001 0.0299 0.5532 0.0057 0.6375 0.0488 0.0792 0.2889 8.3176 0.0274 4.3073 2.6314 0.6548 4.7450 0.0376 0.5988 0.2515 1.9333 3.9684 4.9651 0.0165 4.9153 0.0177 2.1862 0.8425 0.0188 3.6760 0.0001 0.0795 0.1538 0.4051 3.3455 0.0366 0.0044 1.2296 5.7924 1.5144 0.7806 2.3676 0.0029 0.2135 2.9388 0.3538 0.8273 5.4725 5.3233 1.9304 4.6279 0.0002 2.1121 0.6764 0.2719 0.0766 2.8958 3.6324 0.0130 1.3247 7.9973 2.9497 3.0845 4.6242 0.0962 1.5436 2.8257 2.6822 0.9105 9.5663 4.0133 0.6959 0.0873 0.7972 6.5455 0.7014 0.0079 4.9558 8.5055 0.0007 2.8651 0.5637 6.0425 0.4448 0.4406 6.3443 0.3325 1.1789 0.2302 7.7589 1.6153 6.0601 2.7890 2.9349 4.0961 0.2768 1.3555 2.6857 2.4811 0.0002 0.9978 2.2820 6.1690 0.1176 0.6056 1.0157 0.4703 0.5837 3.8599 11.9205 7.0349 6.5979 0.0930 0.3311 1.0185 4.8668 0.1053 0.1216 0.0715 0.0006 0.0000 0.2255 0.0198 5.9735 0.1644 4.3408 0.6434 0.0717 7.0297 3.7590 3.6729 1.9953 7.0193 1.3359 3.1018 0.9961 0.0166 1.1989 0.0106 0.0004 0.0000 0.0112 1.5773 0.1984
5.1958 0.0120 7.0775 12.2518 4.3061 8.4216 1.4246 4.6838 0.0129 0.0009 0.0548 4.8270 7.2060 0.9401 1.5591 0.0068 0.1021 3.3323 2.1884 1.3143 0.0908 0.1759 10.8629 0.0396 2.3989 9.0507 0.0327 2.5906 0.2670 6.8440 0.9350 0.5431 2.3221 0.9889 1.9710 1.8540 1.3023 0.0106 1.3231 0.0001 0.0008 0.2937 2.4878 1.4536 0.4293 7.4155 1.6061 0.9985 1.0919 4.8727 2.5053 3.2620 0.4042 1.3982 0.0597 9.7359 1.1515 5.2943 1.7334 3.5820 1.8777 6.6258 3.7470 8.2847 0.7600 5.7038 3.4986 11.6114 4.9869 7.2788 0.0532 0.0318 3.2889 7.8887 4.7558 2.1292 5.8065 2.4624 4.9726 3.2052 0.0001 0.0002 4.2701 4.0689 7.9192 5.1891 0.0094 3.3414 4.3122 3.7523 4.4914 9.1017 0.3345 3.3731 2.6275 0.1238 0.0861
5.1808 0.0120 6.6216 9.9452 7.4646 3.7531 0.0119 0.0753 0.0186 1.2244 1.8303 7.8356 3.4150 0.0053 0.2056 7.9730 0.3778 0.0004 3.3588 4.0044 0.1879 0.2603 0.0001 0.2054 8.3662 0.0603 5.9310 1.7247 7.9975 1.0723 4.6036 0.4293 3.1166 0.0378 0.0014 2.6025 1.5703 1.1485 0.0166 0.0000 0.0486 3.2725 2.0053 0.0023 2.9939 0.5443 0.0233
5.1814 0.0124 11.0952 7.5542 8.2718 4.8502 4.1994 1.3264 6.0112 2.7937 5.0168 0.3472 1.8697 0.3849 0.0017 0.3144 0.0009 6.8738 5.2771 10.0998 0.8896 2.1326 2.3700 4.4979 10.3099 2.3320 2.4499 0.4302 2.1191 8.9846 0.0741 7.1933 2.4986 3.3926 0.1557 2.9967 0.1841 0.4147 0.0436 0.0033 0.1050 0.0005 1.2831 0.0338 1.7145 1.0948 0.0166 0.2510 0.0022 2.9572 1.6855 0.4786 5.2345 2.1917 1.2993 0.0017 0.0007 4.3411 4.0134 0.4397 0.0523 3.2173 1.6380 5.0941 1.5895 1.8327 5.4916 0.9753 4.9340 0.4985 2.4725 6.1272 0.7306 7.6299 0.4887 0.2627 0.3715 4.2562 0.5026 4.9754 0.0039 0.5216 7.0245 4.2033 0.0089 4.5112 0.0253 0.4849 0.1157 0.7367 3.3646 3.8197 0.3897 0.0076 0.0007 2.6303 4.9960 0.1618 0.7909 7.0107 2.2765 1.2194 2.6088 0.0027 0.0002 1.9183 1.9232 3.3828 0.7522 0.0104 0.1826 0.3638 6.6243 5.4688 3.3875 0.6074 2.5498 0.1198 9.5339 0.0374 1.3249 0.0006 5.7031 1.2923 0.0002 0.0471 0.0252 1.5329 0.1001 2.9297 0.5933 3.7550 0.0041 1.1725 0.4886
5.1794 0.0121 8.9468 13.8314 0.0866 0.0037 0.0091 4.1812 4.0180 1.8340 6.0151 1.8717 0.1114 6.4468 0.3484 0.2675 0.3950 6.3584 0.0581 7.6346 0.3859 2.1024 0.3081 6.9229 12.3322 0.0348 1.4906 6.3283 9.3221 4.9153 3.3703 0.1591 1.4170 8.5856 0.4364 4.7403 0.0828 0.0009 1.0632 7.9014 0.5424 1.4289 0.0171 0.0029 0.0136 0.0030 2.7842 1.7357 1.0436 3.1094 0.0039 0.0338 0.4979 0.0100 0.0297 0.8784
5.1958 0.0120 3.3275 7.0301 10.2941 5.8202 0.0056 0.0014 3.7316 9.1324 1.2640 0.0004 1.2406 2.9467 0.1601 7.2422 1.2777 0.1168 6.2129 3.0859 0.3597 4.9401 0.0180 6.8815 0.8831 0.0017 0.1326 1.7400 0.3834 8.2197 1.6797 0.0037 0.0004 2.1937 0.0056 0.0006 0.0004 0.0003 0.7692 0.0005 2.6446 1.3190 0.3112 0.0150 7.4856 0.0634 0.0013 0.0003 3.1010 0.0002 1.8374 0.0046 4.0759 3.1885 5.8776 8.1119 0.0207 6.5416 2.5924 0.6945 0.1277 1.2277 0.0049 6.1296 4.6378 1.0686 0.3039 3.2099 5.4287 1.3184 8.0229 1.3916 1.2883 5.8263 4.7877 0.5911 1.0221 1.7210 0.0055 5.1778 0.3051 1.8271 2.0016 1.9891 0.0426 0.0032 0.0014 5.6215 0.8763 0.0058 0.0009 0.0321 0.9586 0.6666 0.0005 3.3812 2.1352 1.8176 0.0014 0.0009 0.6648 0.1597
5.1961 0.0123 12.0470 5.4917 10.6035 10.1398 10.5613 3.0916 2.6941 1.6721 2.1651 3.5506 5.9067 2.3645 0.0221 4.9427 4.9310 3.1724 4.9446 2.7542 4.2550 6.2871 5.0622 7.7962 5.1112 4.5215 0.9822 3.2732 1.2150 7.7337 0.8848 0.0871 3.6219 0.1894 0.5347 4.8012 0.0960 0.0259 0.4762 7.4412 0.1182 3.7402 1.8378 1.5606 2.9261 0.0013 10.5511 5.1865 0.1633 0.4482 6.7138 4.0271 3.8730 1.1373 0.0230 0.1973 0.1059 0.0058 0.0038 0.0047 0.0006 1.0097 8.4652 10.1306 3.9273 3.5009 0.3615 1.1359 0.0495 0.0003 0.0147 0.9798 0.0002 1.7671 1.9925 1.2823 1.8712 2.7453 2.9879 0.2496 0.1414 0.9064 0.0001 0.4363
5.2005 0.0121 16.2520 7.9685 3.7173 0.3846 0.0265 3.9521 0.0135 0.0006 3.0371 0.0077 0.0289 2.8716 11.0714 1.1627 1.1951 1.2850 6.0450 0.5273 4.0169 1.0825 4.5649 4.2164 0.2820 1.4320 1.0044 0.0012 0.1812 0.0339 0.4467 9.3599 0.0798 2.4358 3.6397 0.0963 0.0187 0.2047 0.0006 0.0305 0.0018 8.7822 1.0785 0.0005 2.7091 1.1483 5.9154 0.0031 1.7638 0.1206 2.1551 3.7790 1.1475 0.0488 0.0242 0.0533 1.8429 7.1509 0.9907 0.1173 3.3428 2.3006 1.1923 1.3375 1.9869 0.7382 0.0001 0.0042 0.0167 4.0059 1.5944 2.0049 4.0760 3.5104 0.8779 0.9516
5.1958 0.0120 5.9525 7.8186 7.7755 3.4558 4.2296 0.0235 1.7727 0.0433 0.0000 0.0016 3.2072 3.2885 0.0302 0.1750 1.3526 0.0003 0.0051 0.5614 0.0025 0.0002 0.0006 2.4716 7.7521 0.8298 0.3212 0.2226 0.3213 0.0001 4.6249 0.5171 0.8250 1.4654 0.0912 0.0218 0.0625 7.9287 0.0498 4.1691 0.4630 3.0410 0.2011 4.7731 2.4799 0.3037 0.6612 0.0529 0.0050 0.0002 2.2216 4.6981 0.0091 0.0308 0.3509 0.1281 0.0001 0.0006 0.2609 0.0236 0.0005 0.1436 0.6690 3.2472 0.0297 0.0379 0.0552 0.0004 0.8884 0.0908 17.5024 0.1027 0.2016 0.0008 0.0948 1.6401 2.5350 1.0371 0.6174 0.3497 1.1508 0.2648 0.1815 0.4844 0.0021 0.6651 3.8773 0.0458 0.0115 0.0004 0.3612 0.0427 0.0002 0.0178 2.3979 2.4159 0.2919 4.3438 0.4499 8.4364 0.0139 5.5862
5.2005 0.0121 14.9629 4.6879 2.0893 5.6197 3.4700 3.0809 0.0039 0.0326 0.0043 3.6108 3.6479 3.4621 3.9856 0.0259 1.4342 0.0063 1.1698 0.0549 5.3765 0.0278 4.2392 4.6500 11.2045 0.2882 0.3750 1.1598 1.0219 0.0510 0.2197 0.0014 4.9492 5.0370 2.4229 0.9625 0.1869 0.4324 4.9732 0.2372 3.6589 1.7943 0.0740 1.5777 2.8037 0.5148 2.4090 2.1066 2.9148 0.7376 3.2225 0.0005 0.0038 1.4182 5.6300 1.7086 6.3044 0.5121 2.4808 0.0170 0.4760 1.6092 0.0184 3.2002 1.4617 0.2088 0.5378 0.4241
5.2005 0.0121 3.2910 12.1857 10.7949 8.0930 1.9976 0.0525 0.0011 0.0112 0.2304 0.2075 1.4633 5.1030 0.5853 8.3480 0.0345 7.2346 2.1010 1.3856 7.0070 1.7121 4.2247 2.2731 1.3320 2.4336 0.0177 0.0067 1.4768 0.3758 0.3520 6.6865 3.8586 5.0343 6.3531 0.0030 4.8513 1.3833 0.0002 0.0442 1.4070 0.0051 1.8721 0.0042 0.6284 12.4237 1.0017 8.9290 0.1188 5.1446 3.6327 0.0657 2.1860 5.0740 1.6373 0.1087 3.9170 5.0531 0.7230 2.0333 7.7110 1.6258 0.0003 4.1692 0.0106 7.0300 10.2498 3.0434 1.6098 4.5416 8.8523 1.1093 3.0476 0.8866 1.2742 2.1854 0.0523 0.1120
5.1658 0.0120 3.3087 17.0501 4.4786 1.1787 0.0059 2.3949 0.0121 0.0036 0.0796 0.0007 1.7764 0.1613 0.0010 0.0007 0.0078 5.3696 1.3490 0.0002 0.3511 4.2661 0.0003 0.0008 0.0003 0.4934 0.0042 0.0002 0.0003 0.0005 0.3392 5.3190 0.0215 3.9790 2.0761 3.7435 7.6421 0.6319 0.1024 0.0049 0.2232 3.8859 0.2334 0.2051 7.5606 0.0056 3.8217 4.9638 0.6433 1.0783 0.7466 0.1201 0.9448
5.1658 0.0120 14.9024 1.0936 7.7957 3.9345 0.2003 7.2323 0.0632 4.3043 0.3167 1.9294 6.4178 4.2520 0.5312 3.1325 0.3644 0.1026 6.0406 0.0441 5.0791 0.0057 1.3571 7.4984 0.0397 3.5500 1.7383 4.0238 1.6621 4.1244 1.6283 0.5050 4.6091 0.0744 0.1341 1.4617 5.4779 3.8495 0.0074 0.0013 0.0004 0.0011 0.0021 0.0246 0.0003 2.1207 4.2590 0.0767 3.4613 0.5336
5.2005 0.0121 3.2910 7.0919 10.5348 4.7046 4.7605 1.6594 0.0007 0.0003 0.0052 1.0433 6.8425 4.5798 0.0521 5.9274 0.0556 0.0011 0.0434 0.0004 0.8174 0.1086 4.2752 0.0298 4.3103 0.0086 0.0022 0.0185 0.0006 2.0074 0.0103 0.0052 0.0000 0.0877 0.8503 1.2049 0.9645 0.4984 0.2309 1.3544 0.4383 1.4243 0.0666 0.0031 4.1799 0.2469 1.5113 0.1276 2.5820 11.8941 0.0157 6.2138 1.2168 0.0020 0.0018 0.4193 0.4284 0.0007 0.7703 2.6732 2.2941 2.9447 0.5942 1.3402 1.3451 6.6008 0.1537 1.4743 0.2153 0.1535
5.1958 0.0120 5.0150 15.9903 0.2715 0.0611 3.9220 3.1522 8.5519 1.3873 0.0349 1.0126 0.9233 1.9105 2.3336 5.9414 3.3722 0.8453 1.9186 3.0992 0.0881 0.0060 0.0586 0.1194 8.2700 0.0324 2.9377 1.5327 10.5135 5.7625 1.2316 0.3077 0.0000 0.0622 1.4446 5.1049 10.9427 3.0873 0.1225 0.0117 0.4069 0.0029 10.7207 1.5762 0.3899 0.0000 0.0028 1.6564 2.4500 5.5108 2.7707 0.8278 1.0186 0.6297 0.8669 2.2181 0.1251 2.9094 1.4872 1.3468 0.0529 0.1436 0.0049 0.0000 0.0123 0.0597 7.8435 0.6963 6.8324 0.1778 1.6860 2.4276 0.0054 0.9742 0.0001 0.0004 0.0292 3.3936 0.3639 1.1768 1.3037 0.0158 0.0014 5.4714 1.2902 0.0072 0.0000 0.0010 8.5907 0.0222 0.5478
5.1956 0.0121 11.8439 6.5963 0.3979 0.0012 2.2825 7.7102 4.4896 0.7590 5.2515 4.5173 0.0306 0.0421 3.5112 0.0672 7.4600 1.5368 2.1021 5.7288 0.0659 0.0683 0.0013 3.4079 9.6643 3.1342 0.0033 0.7474 0.0023 0.0097 0.0384 4.6388 4.2238 1.2435 2.2763 0.0154 3.5986 0.0052 0.3836 0.6339 3.0404 2.0356 0.8747 0.0080 0.1658 7.2341 0.4688 0.0041 0.3619 4.6460 1.1244 1.2895 0.0964 0.0166 0.3145 0.2040 1.9472 1.1686 8.6716 0.0564 1.9589 3.5526 3.6127 1.4983 5.9558 0.7270 0.0031 0.0521 2.8979 0.0758 2.5498 0.0407 0.5239 0.4994 0.0010 0.0893 0.6333 16.8805 4.3191 3.7856 0.1030 0.2160 3.2093 3.5345 0.8981 0.1877 4.1131 0.5056 0.1286 0.0004 0.2828 9.6280 0.0815 4.2687 1.8148 3.6882 0.8413 2.7734 4.4888 1.8056 5.9721 5.0950 0.3449 7.2939 0.0114 1.1666 0.0003 6.6894 7.5818 5.0000 0.2219
5.1961 0.0123 9.7345 2.0760 9.1687 1.9761 5.5781 0.2987 3.1450 1.1750 6.6217 2.5191 0.0447 0.0001 4.5617 0.7391 10.3632 0.4696 0.9957 0.0429 4.7622 0.7366 5.4485 3.0065 0.5939 0.1275 0.0005 0.3677 1.8406 0.0916 8.7005 0.0258 1.9916 2.2450 0.5200 0.2704 0.0143 1.5444 0.1532 0.5445 0.4640 5.9522 3.9613 0.5971 3.4326 0.0649 6.0018 0.7804 1.8718 1.1001 0.0791 0.0005 2.6212 2.0531 0.7938 1.0893 4.1040 1.6045 1.7091 4.0805 3.4341 2.8653 6.2979 0.0186 3.0073 2.0828 0.0148 1.6747 0.0000 0.0019 1.8745 5.2728 0.4270 1.3400 0.7015 0.7897 3.2538 0.3480 3.6514 5.9223 3.3287 2.0029 0.4881 0.8823 6.1495 0.8858
5.1958 0.0120 3.3275 17.4403 0.9083 3.6356 0.0141 6.6140 3.1471 0.6915 0.0026 0.0457 0.0141 0.0028 9.1277 1.8339 0.2576 2.4661 0.3885 5.8407 0.0220 4.6550 2.2637 0.5850 0.9560 0.0287 0.8812 5.5622 0.0003 0.1119 0.0085 2.3774 4.2929 0.0253 0.2856 3.4841 0.1625 0.4772 0.0019 1.8224 4.5249 4.8072 1.8724 0.1596 1.0882 0.0156 1.8267 0.8191 1.2702 5.2212 4.6091 5.3686 1.9719 0.6610 0.6713 0.0056 0.0156 0.0006 2.2876 1.6438 3.2035 0.6296 7.8420 5.2788 0.5783 0.3086 0.4192 1.0711 3.7998 2.6770 1.7280 0.1099 0.1803 0.0136 1.0725 0.5152 0.4029 0.0044 0.0089 0.0002 2.1940 0.7300 1.3641 2.4102 2.3902 0.1076 0.9724 1.0677 1.9642 0.2473 0.0000 6.0106 2.2468 0.0042 1.8136 2.0602 0.3361 0.4266 0.0170 2.3267 5.7677 0.2072
5.2005 0.0121 3.2910 16.7814 1.6579 6.8367 3.0507 3.1993 1.1061 6.5036 0.1162 0.5970 9.2834 5.8318 0.0111 0.0888 9.2424 1.8096 5.1611 0.0382 3.6417 0.1823 0.0344 0.2653 0.0025 0.0290 0.0024 0.1601 7.7535 0.0283 3.0087 5.3620 0.0529 0.1668 1.9112 2.4893 0.4827 0.0014 0.0737 0.0837 0.0003 0.0011 0.0121 2.4459 0.5676 0.0018 1.5324 0.0007 0.0037 0.0042 2.7340 2.2925 5.0876 1.0898 6.7629 1.2956 6.2780 2.0221 0.0007 0.0008 0.0625 7.5992 3.4154 7.4785 3.4759 4.3864 0.0562 0.6368 2.5094 0.0558 4.9777 0.7679
5.2090 0.0121 8.1453 9.8774 4.3722 6.1915 4.4651 0.0100 4.0861 6.4850 0.0020 5.3117 3.7189 0.0041 1.2073 0.1352 6.3237 0.0259 3.1996 0.0015 0.5085 1.4322 1.6507 0.2458 9.1922 0.0577 1.8792 3.5875 0.6291 1.0029 4.1365 0.8464 1.0391 0.3623 0.8528 5.3993
5.1818 0.0120 5.0253 12.5618 5.7366 6.0867 6.5952 0.0228 6.7462 1.9655 5.8557 3.5583 1.0057 0.3405 7.3820 0.0303 2.9726 5.4724 0.0211 1.7713 2.3495 1.3270 1.8923 6.3678 1.4084 0.0008 0.4970 1.9362 0.0009 0.7963
5.1961 0.0123 3.3282 15.7757 1.1682 8.3500 1.8460 3.0719 2.3350 1.6824 0.0120 9.4745 10.9615 5.2772 0.6686 7.4657 0.0244 2.7480 3.6167 3.8801 0.1316 3.1087 1.3966 0.4243 0.0707 1.2803 2.8961 4.1958 2.5480 0.4396 4.5958 0.1281 1.0088 2.8908 4.5419 3.3117 2.0011 3.0269 0.0228 5.2371 0.6628 0.4491 3.8227 0.1660 0.3219 0.2125 0.4194 2.0621 1.0083 0.0735 1.8605 0.7579 0.3597 0.0064 1.0823 0.4266 4.1821 0.5091 3.5204 2.2118 0.0187 1.9707 0.9404 4.1536 0.0054 1.4593 0.2544 0.4805 0.3420 2.9146 0.7574 2.2333 7.5176 2.2487 2.4509 7.6413 3.7932 1.5137 2.1268 0.0118 7.5254 3.3531 0.0757 0.2541 0.9909 0.3161
5.2090 0.0121 6.5828 13.6084 6.7999 4.3516 0.2418 1.2018 0.0381 5.7652 0.7318 0.0512 1.2476 4.1443 2.7306 1.0930 5.1575 1.6619 0.0322 3.4787 0.0011 5.0793 0.1159 0.0010 0.3186 3.9331 4.1440 0.0662 4.9256 0.2347 9.3232 0.0407 5.0992 2.3318 1.1126 0.1445
5.1794 0.0121 8.1343 9.5643 4.0782 0.0231 12.3608 1.3071 0.0039 0.0014 0.0135 0.0036 6.4031 3.8672 1.8485 1.2568 0.1500 7.6197 0.0555 0.0111 0.1605 7.0517 0.0376 2.8250 7.1404 0.2059 0.0010 4.6005 0.0003 0.1005 8.0083 0.0293 0.0003 7.8606 2.0747 1.4073 5.5251 0.0004 0.0052 0.5937 1.0461 10.1999 1.9253 0.6834 0.9809 0.6008 1.7070 0.6616 5.9281 0.0366 1.4851 7.9727 2.9912 2.6187 0.6099 2.2356 0.8388
5.1816 0.0124 4.9975 5.8584 9.2510 4.8709 0.0355 5.7113 0.2616 3.0728 6.2236 2.0744 5.1620 1.1854 0.1810 6.7492 4.1688 0.0071 0.5079 4.3251 0.0314 0.1413 4.6325 0.0376 0.5257 2.2084 0.0022 0.0015 0.0007 0.0751 0.0456 1.0880 0.2581 0.5764 8.4004 0.0453 2.8121 1.8988 3.6408 0.3152 0.2304 1.4688 3.4515 0.0064 3.5936 0.3530 0.0107 0.0974 1.5972 2.6410 1.0520 3.4698 1.2177 0.0085 1.1748 0.1076 1.3371 0.1073 4.9138 0.0028 2.9360 0.4682
5.2005 0.0121 8.1035 2.4438 10.4967 1.5135 5.2510 4.8476 0.0128 1.5053 0.0007 1.6131 2.1071 4.2451 0.8380 0.7584 0.0003 0.0003 0.0006 0.0144 0.0002 2.4345 0.0017 7.0500 1.5757 2.5496 0.0165 2.1461 0.1278 0.5374 6.5010 0.0236 2.5335 7.1141 9.0330 3.8603 5.0154 2.4864 4.1639 0.6877 3.6500 6.8358 0.0233 3.4504 1.1025 0.3249 1.4979 0.0141 0.0365 4.7394 2.5437 7.6063 3.5355 5.5788 0.0898 1.1077 0.0563 0.6445 0.6908 3.4864 1.5376 0.0612 0.0059 1.8824 0.9040 2.8481 4.0226 3.0087 0.0248 0.0372 0.5506 8.2840 0.9655 0.0099 0.0021 2.5995 0.0026 0.0009 1.1242
5.1956 0.0121 5.0314 15.7837 0.1372 0.0147 0.1813 0.0065 2.3115 0.0092 0.0015 0.0003 0.0032 0.0011 5.4718 5.0894 0.3074 2.4204 12.0549 0.0647 0.8991 0.0135 5.8153 5.7958 1.9451 8.2179 0.0457 1.8017 0.0171 0.0022 0.0209 0.0015 6.1038 8.8370 8.3570 0.0238 5.2220 0.3081 5.1718 0.0508 0.0054 0.0022 3.3890 1.3926 0.0166 0.0005 0.0014 0.0778 4.4049 5.0409 0.2395 2.9521 1.9419 0.3575 7.1694 1.3956 0.2945 0.0109 9.8046 6.2517 0.0025 0.4468 0.5555 2.5095 3.2798 2.3410 1.7187 1.8122 6.6142 1.6215 0.0893 0.0433 2.6628 2.8676 1.7106 0.0070 0.0093 0.0102 0.2671 4.9479 3.6956 0.9087 0.7624 2.1302 2.6203 6.8529 0.0094 0.0021 0.0450 0.0033 1.5224 3.6885 1.1478 4.5124 5.0660 0.2353 0.7396 0.9483 5.3290 0.0287 0.0041 0.0007 1.1861 0.0931 0.0177 0.0003 0.0012 1.9085 0.9259 3.4570 4.2385 4.1209 3.5338 7.1645 2.8989 0.0788 0.7355 0.2822 0.0174 0.0073 0.0382 0.3022
5.1958 0.0120 7.0775 8.5330 3.7613 3.4964 6.0543 0.2165 4.6727 2.0768 0.0070 0.0045 0.5992 5.2894 0.0162 4.5348 2.0043 8.5325 8.2218 4.3437 0.1788 0.3983 5.0587 0.6487 0.7525 3.5946 0.0095 0.0096 0.1055 1.9145 0.0033 0.0164 0.6523 0.0003 6.4534 2.2653 2.3804 4.3397 0.0014 3.2440 0.0073 2.0769 0.1007 0.3995 2.7940 0.0002 0.0013 0.0243 0.3629 0.0003 0.0017 0.1542 0.0011 0.2899 0.8772 4.1106 1.3626 0.5205 3.4833 0.8607 5.2399 6.3940 0.0047 1.0120 1.0177 6.0566 3.3788 1.2135 0.1377 2.5706 1.5069 0.0008 0.0027 0.0827 0.0006 0.3312 1.4634 4.7751 0.1293 3.3365 5.1380 0.3148 0.0014 2.3654 2.2003 0.2257 1.2380 2.6882 2.8333 2.8996 3.2547 2.1484 0.0038 3.4405 2.4057 0.0273 0.0027 0.0078 0.9350 2.0745
5.1958 0.0120 14.1869 1.0252 4.1781 3.8000 0.0064 0.0082 9.5464 1.4910 0.1867 2.8118 0.1436 3.9506 3.9919 1.5655 10.1534 0.0217 0.1421 0.2934 4.5017 2.9323 0.4968 0.4347 4.8601 0.0637 0.2397 10.3852 0.1617 8.7526 0.7974 1.9137 7.6691 1.3332 2.1643 1.7938 0.0039 0.1243 3.4172 2.5436 0.0050 6.3366 6.1164 9.9119 1.7788 0.2005 2.0173 0.0176 0.0738 4.3202 0.0897 0.4607 4.0554 5.7772 0.0800 6.7587 0.9107 1.6652 2.6561 6.0393 0.5027 0.4765 2.4758 4.9990 8.3292 0.0007 0.5432 0.1562 2.9948 1.1038 3.2817 0.0017 0.1724 0.0212 5.9463 0.2386 1.8142 3.6615 1.0447 1.1791 0.4921 1.2265 0.3519 7.0490 0.1865 5.7980 1.6082 0.4364 4.8892 5.5470 0.0003 1.4721 4.7230 2.2858 3.6549 6.8464 0.0227 0.2802 0.0911 3.6926 6.6867 4.1551 0.4424
5.1658 0.0120 13.9024 2.7863 0.0129 0.0020 1.1263 3.4054 2.6358 1.9669 1.6258 3.2015 1.3062 2.0090 2.7261 2.0750 0.1372 0.1191 8.2344 0.1497 1.7305 0.0213 0.0000 0.0003 0.0867 5.5773 0.7785 0.4461 3.5752 4.0531 0.0022 0.0582 0.3053 0.2616 0.0592 1.1000 5.8960 1.0152 0.3818 0.4735 0.1551 4.0520 4.2581 0.4149 0.9261 3.9653 0.9106 1.8801 2.7640 3.2139 0.8544 1.5431 0.1366
5.1794 0.0121 3.2593 16.1392 1.8732 3.7550 1.8870 4.8374 9.5555 0.3694 2.1719 1.2643 2.9685 0.0042 4.0975 2.2653 4.9534 1.5695 2.8104 0.0096 0.5584 1.0151 7.1857 0.0570 7.0182 0.5731 6.7731 6.5021 2.8281 0.4409 2.7770 0.0012 1.0722 2.6993 0.0012 0.0044 0.2259 0.0627 0.0844 0.0014 6.3243 0.5971 4.8726 3.7620 0.9282 8.8051 0.0116 4.1200 0.8662 7.7521 8.8829 0.6862 0.4489 0.0016 0.0750 7.7627 4.2599 2.2690
5.2005 0.0121 14.2598 11.6702 7.4228 2.6431 0.0058 1.5157 10.9163 6.3986 1.0082 0.0122 0.0003 1.2859 3.4929 3.3848 3.5883 3.4516 0.0130 9.9460 0.1507 5.9443 5.0725 4.9552 0.0016 0.0002 0.2860 5.4551 0.0381 3.9369 3.7589 5.5166 9.4679 1.6136 0.0310 3.3794 5.7984 1.4327 7.8976 2.0055 0.1612 0.3103 9.3271 0.0083 0.0014 0.8285 1.1188 0.0121 0.0005 0.8373 2.1958 0.0093 4.5296 1.2547 1.0992 0.0004 10.5924 0.2654 4.6104 1.9425 3.0795 2.2594 3.7907 1.1152 1.0012 0.0037 0.0006 2.0585 8.5903 0.0855 0.2944
5.2005 0.0121 15.8066 7.9156 0.2802 0.0075 2.8827 4.5751 6.0641 3.2487 1.6275 0.2799 5.4955 0.0499 10.5640 0.4887 2.5515 1.0657 2.9863 0.4842 0.0083 0.7838 0.0003 0.0052 0.0001 4.5159 5.0300 3.5596 0.2991 1.7171 1.1623 3.9559 2.2588 0.1731 3.4319 2.9445 3.7511 0.2250 1.7277 0.6907 1.6244 0.5446 1.1623 0.0003 0.0110 0.0532 5.7026 1.3457 0.5330 0.0142 2.2908 0.3708 1.7781 2.2671 3.8508 0.9217 0.2567 3.0679 1.8702 1.5031 8.5852 0.0071 2.0774 0.1196 0.3168 0.0373 2.4056 0.3132 1.8173 3.8909 4.0421 3.4739 0.0836 0.3362 3.8883 0.8708
5.2005 0.0121 5.0410 14.0531 8.9060 0.9345 2.1934 1.7061 2.7309 0.0010 0.0621 3.0421 4.2662 3.1793 2.5544 3.9854 0.2051 2.2110 8.0312 0.0451 0.0003 0.0186 0.0014 0.0005 0.0021 0.4959 8.8651 0.0562 2.7391 1.6398 1.0930 0.0000 0.1130 0.0099 0.0119 0.0000 0.0003 2.7739 1.4295 6.7438 0.2305 0.0043 4.6325 1.8517 0.0004 2.8658 0.0016 2.4880 2.7519 0.1433 0.0001 0.0020 0.2550 1.4448 2.8711 0.0022 0.1093 0.0010 0.5552 8.2719 1.2235 0.2030 0.3633 0.1030 1.2994 0.5012 0.3948 0.3586
5.1808 0.0120 4.9966 15.6956 4.9251 9.0572 1.0709 3.3916 1.5987 7.2181 0.3177 9.4033 3.4827 1.3683 5.4982 0.0148 3.4324 0.1302 0.0896 1.0538 3.9576 2.4565 3.2449 0.0145 4.8323 0.0019 0.0034 0.0001 0.0673 0.0008 0.0013 3.6966 2.9053 0.0119 0.0041 0.0566 0.0001 0.0008 0.0010 0.0058 0.0090 0.0313 1.9527 2.6409 0.8673 0.0032
5.1794 0.0121 3.2593 15.6704 5.4743 3.1744 0.1244 4.2691 0.0076 2.6589 9.1415 0.2482 0.0014 0.0000 2.5485 0.0017 0.0176 1.5054 0.6882 7.6410 0.0554 2.1906 0.0086 2.3830 0.0053 5.6965 0.2008 0.6661 2.3125 2.6476 0.5831 0.3831 2.8938 1.4718 0.7186 0.0001 1.4222 3.6724 1.1247 1.1471 0.0239 0.0029 0.0000 0.4218 0.0004 0.0214 0.6586 2.5785 0.0551 3.2682 1.1003 0.3394 2.4448 0.2131 1.6325 0.5877 2.6885
5.1954 0.0120 8.8606 6.6087 0.0341 10.8906 4.2892 3.5539 9.6871 2.1577 1.9894 0.0237 2.5639 5.9462 1.5138 1.5805 4.4442 0.7226 5.2138 2.3321 7.4984 2.9719 2.3293 3.5380 0.0652 0.2649 0.0195 0.3675 9.8307 0.0521 6.1972 1.2243 0.0080 0.3221 1.3330 0.0001 0.1031 0.0019 2.7189 4.6229 1.5304 0.7951 2.4660 0.6955 0.7381 0.0904 0.0149 2.2409 0.6390 3.7026 5.9151 0.0062 0.2405 1.7400 6.1891 0.2328 1.9304 0.0001 0.2691 0.0043 1.5696 8.8288 0.0291 0.0022 4.1231 4.2344 1.0747 0.2628 0.9803 2.7449 1.3202 4.6128 1.7129 2.5559 3.0887 1.9499 2.8564 0.0564 2.6701 1.1447 2.6311 1.6412 3.4690 6.8756 2.3879 0.9588 2.6307 0.2197 0.0001 0.1107 0.0027 2.4582 1.3394 8.2303 0.1270 4.5087 4.3196 0.2143 0.2116 9.1564 2.3013 2.7829 2.7276 3.6155 4.6609 0.0648 1.3623 0.3641
5.2090 0.0121 12.1453 6.7044 9.6802 0.0505 3.2574 0.0424 0.1668 0.0095 6.8818 0.0011 0.4204 0.0016 1.7930 3.1309 0.2535 2.5786 0.4013 6.8892 0.0504 2.0042 0.0318 0.0044 0.0004 0.2477 0.0025 0.0150 0.0002 0.2388 0.0004 0.0254 0.0009 5.3241 1.5200 2.6687 0.0022 0.0009
5.2090 0.0121 6.5828 11.0693 2.6327 2.3379 0.7551 8.0179 6.8079 0.0140 2.0673 0.0008 0.3011 0.2397 6.2267 0.0360 3.2932 5.2839 2.6699 0.7261 6.7142 0.4543 5.0236 2.6137 0.9300 0.1953 3.0035 4.3145 1.7223 0.1884 0.0054 0.9778 5.9456 4.3432 2.9376
5.1808 0.0120 4.9966 5.9202 9.0116 6.3369 0.0075 1.0190 5.5444 2.0853 0.1341 0.0014 1.0168 6.0126 0.0442 4.2693 1.3953 2.9003 2.3014 0.8254 0.5561 0.9051 5.8455 2.5575 0.0852 0.7894 0.8522 0.0109 0.0003 0.0441 1.4611 0.9111 0.3550 1.1959 0.7055 3.9576 4.3839 3.2006 0.6991 1.5466 0.0005 0.0007 3.5117 0.2202 0.3857 0.3687
5.2090 0.0121 7.0203 10.6584 4.9825 0.0218 6.2169 0.5238 1.1565 6.3300 0.0099 0.0555 0.0001 0.0010 0.0016 1.4314 1.4778 0.0001 0.0898 0.0006 0.0233 0.0013 0.2225 0.0002 0.4984 0.4627 7.1850 0.0411 5.6839 1.5832 5.5670 0.1605 0.6596 0.0129 0.0032 0.2249 0.6332 1.2092
5.1658 0.0120 12.0587 5.4620 1.6110 1.1300 5.6406 2.2429 5.8499 6.1699 9.9867 2.0043 0.0035 0.0097 5.7475 5.4981 0.4875 7.3453 0.0106 2.3174 0.8578 7.1014 0.0846 0.2450 0.0032 0.9302 0.1889 5.7511 0.0518 4.3416 9.5611 0.2792 5.6982 0.1923 1.9031 0.1250 0.0317 0.0010 0.2304 0.0939 0.0001 0.0025 2.5992 3.6153 0.0425 1.3605 9.0210 0.3273
5.1818 0.0120 3.3378 16.7577 5.7393 0.0609 0.0008 0.0003 4.0441 2.7309 0.8660 0.1405 1.1084 0.0004 0.0046 0.5114 2.4521 5.1802 0.0246 6.9339 7.0006 0.7102 0.5956
5.1961 0.0123 3.3282 5.9749 3.6870 0.3290 7.6695 1.2526 7.3153 6.8967 1.4496 0.6597 0.8738 0.3789 5.5284 0.0003 1.4251 1.5609 0.0050 0.0028 0.0008 10.2769 0.0154 0.0988 1.9321 0.8032 0.0306 0.0068 0.0023 0.0000 2.0014 0.6060 0.1233 1.4994 0.0447 0.3626 0.0335 0.0096 0.0030 0.0068 0.0006 9.0947 1.2907 0.0017 1.0190 0.0162 0.0169 0.0033 0.1539 4.5616 0.0203 3.0449 8.5171 0.0813 0.7946 12.9978 0.0305 3.0069 5.0527 0.0133 2.0417 0.8224 1.1693 1.9675 2.8269 6.0037 6.0287 1.6828 5.4818 3.2359 0.0042 4.3016 5.9947 0.8497 0.6849 1.8205 0.0037 1.9288 1.0965 2.3552 4.4773 0.0074 7.0334 5.1692 1.4738 0.6910 0.4965
5.1750 0.0119 5.0150 13.6392 6.7240 1.6418 4.1976 3.6949 4.2176 1.6100 0.0003 0.8554 0.2073 3.1692 1.0188 1.6849 0.0224 1.4512 2.3829 5.4930 0.0031 0.3391 4.8806 0.0255 1.9044 3.3858 0.3271 0.0003 11.8042 0.1631 0.4003 4.2994 3.3190 0.0023 1.6402 0.0490 0.9064 0.3879 1.0559 0.2297 0.0310 0.1335 1.7165 0.0535 1.7342 0.0043 3.6454 2.3835 11.6472 2.4034 0.4478 0.4141 1.2790 3.1952 1.5210 0.0005 3.4128 9.0709 0.5292
5.1985 0.0124 6.5597 12.6351 10.5031 1.1035 5.5542 0.0861 1.4169 3.9583 2.2142 1.6535 3.2214 1.9387 12.1130 4.2027 0.3516 2.0605 8.1184 0.0368 2.6535 3.7432 3.2780 4.6718 1.6909 0.0026 0.0020 3.0987 5.2230 0.3470 0.0079 1.5247 0.7743
5.1658 0.0120 4.9962 12.0922 4.0452 0.0114 4.0804 0.3227 0.0003 3.5484 0.0013 0.2944 7.5269 4.0015 0.0427 0.0624 2.1894 0.5387 0.1150 6.4415 0.0260 3.9662 4.3520 3.5250 0.0548 0.0318 4.4931 1.9243 2.0649 0.3137 3.5359 1.9441 0.0467 5.6305 5.4884 0.5048 8.2940 3.2441 0.1925 1.1558 0.0163 0.0008 0.0076 0.0058 0.0016 1.3187 3.0963 0.1364 0.5275 0.0195 0.0595 2.9491 0.0006 1.1065
5.1794 0.0121 5.0093 15.7593 2.7657 0.0025 0.0014 3.9521 0.6346 6.1165 0.0962 15.2526 0.1956 1.0776 0.0040 0.0290 0.0622 0.9357 0.3218 4.1966 0.0866 0.0731 0.3409 6.4057 0.0441 2.0457 6.4751 0.3893 8.7455 1.3266 0.0838 3.3303 0.0032 0.1248 0.0009 0.0011 0.0068 0.2499 0.0512 0.1497 0.0114 0.0292 1.2634 0.9444 1.3594 0.1385 0.2503 0.0860 0.0005 0.0010 2.4043 2.7363 3.6231 4.0718 0.1667 0.7692
5.1961 0.0123 14.0314 3.5144 9.8171 3.7312 5.2232 2.1502 9.1311 1.9420 12.6976 0.5018 1.3127 6.4097 4.7999 3.7711 0.8340 2.3372 0.2629 9.0945 0.0427 3.3092 4.4311 1.8228 6.1727 3.7774 2.0700 1.7899 4.3265 8.8923 3.3499 0.4597 1.7420 1.8454 0.0720 2.1786 2.3719 5.5000 0.0226 4.7055 0.8528 0.0641 0.0000 4.4879 0.5476 7.3473 1.6955 1.4908 7.6927 1.5887 4.9408 0.6430 4.4846 4.2014 0.0007 0.5304 0.5702 0.2140 2.8081 3.9299 3.9279 0.0024 0.8531 4.9148 0.8204 0.5434 2.1700 4.6658 2.5900 0.0049 4.1677 1.7468 0.4288 1.0801 1.2485 2.7194 0.1422 0.0029 4.1128 4.5138 4.1876 1.4125 0.0047 3.3786 2.5761 1.0423 2.7970 2.9328 1.2909 0.8490
5.1774 0.0120 12.8115 1.6744 7.7572 0.0209 0.0103 0.8436 9.1232 0.1028 2.1133 3.3452 8.4751 2.2657 1.9832 1.6037 6.6143 1.2387 1.7076 6.1239 0.1307 0.0077 0.0273 1.2761 0.0023 1.1141 0.0007 0.0001 0.0178 0.0143 0.2922 7.3949 0.0693 7.3832 2.2751 2.5545 0.1206 2.7898 5.1533 0.0010 0.1944 5.4308 0.0005 1.4741 1.2988 0.0028 2.5839 0.0299 2.8127 0.0114 0.1408 0.0001 0.0000 0.0043 1.3941 1.6276 3.0510 5.5437 5.5468 0.6710 1.1866 2.1651 1.8114 0.5205 5.0714 1.1903 2.4256 1.2506 5.1887 0.0012 0.1869 4.4849 2.5807 0.4561 6.0856 1.2936 0.0021 0.0308 0.3444 0.0767 2.6983 0.2533 0.5604 2.8149 8.9945 0.0250 0.6955 0.4532 5.4997 0.3308 0.4463 0.0793 0.6133 3.3486 3.5212 1.2663 3.1719 0.3338 0.5455 0.0026 0.0759 11.6197 2.2868 0.0013 3.4360 0.0129 0.3136 0.0006 0.0001 0.2819 1.0778 2.9246 3.8100 1.3077 8.4463 1.1275 2.5573 0.3214 0.9414 3.1944 6.5007 3.6406 0.4455 0.0009 0.0001 0.0020 1.5262 0.0023 0.5776 5.3659 0.0289
5.1961 0.0123 8.9532 5.7419 2.0354 5.3550 1.3608 3.5487 0.2709 0.0140 0.0013 0.0015 7.0058 4.9812 9.4226 1.1020 0.1716 2.6976 5.1314 0.0040 4.5527 0.0183 0.0005 0.0001 1.0552 0.2064 4.4533 0.0347 2.1086 7.7114 5.1034 5.1293 0.1387 3.6551 0.0176 1.4310 0.6046 0.0007 0.0024 3.0275 0.8864 2.4956 1.2626 1.3318 0.1768 4.1072 1.7323 1.2849 1.4561 0.8273 0.0313 1.2791 0.0034 0.0005 0.0001 4.5323 0.2088 0.1248 3.6512 3.0475 0.0117 3.0132 0.2316 2.6297 1.7635 0.7518 3.4858 0.2349 0.0003 0.0043 0.3284 3.1355 3.7699 2.8328 3.5065 0.0034 0.6372 1.2462 6.2258 0.3762 0.0005 2.6539 0.2988
5.2005 0.0121 16.1504 10.4680 3.3182 4.2971 8.2055 4.5650 5.8373 2.4548 0.9144 0.4915 1.7775 1.4666 0.8206 0.0011 6.8903 0.0444 2.0362 0.0014 2.0373 1.6523 1.3019 0.2122 7.5544 0.0451 6.3625 2.2178 4.6122 2.0049 3.8978 0.1420 6.9808 0.0038 1.1293 0.0054 1.6547 3.9371 0.2436 1.1003 7.3438 0.3955 5.8205 0.2804 0.0018 4.2512 0.5851 1.6965 0.2766 0.0016 0.2522 3.2926 2.1697 4.0958 0.0008 1.0444 0.9144 1.4343 5.0597 1.5809 0.0014 2.5668 0.0004 3.3922 2.1371 2.0971 0.1131 0.0006 1.2213 4.0275 0.0237 5.3219 0.4316 0.7156 0.3347 3.0919 1.8104 0.2444 0.3805 1.0647 2.0146
5.1961 0.0123 8.8907 10.4159 0.2871 9.5844 0.1243 0.8829 1.0813 2.9484 2.1528 0.4239 3.7596 0.0771 0.0263 0.9638 0.0002 0.0007 0.0200 6.4724 3.7763 7.7712 0.2799 1.8816 7.3213 0.0839 0.2966 2.6922 7.0670 0.0856 4.3642 5.4671 0.0652 6.6863 5.4253 0.3266 0.0003 0.7440 3.1237 1.0480 2.2792 0.6113 0.2959 0.0102 1.0196 2.0626 1.2437 0.0004 1.4118 0.8616 0.0006 0.0982 2.4189 4.5678 0.4924 1.5337 0.4021 4.7097 0.0661 0.0014 0.1864 0.2561 0.7070 4.7803 2.6532 0.0029 0.0594 2.4841 5.3413 2.7199 3.1377 6.0522 4.5295 7.9446 4.1515 0.0135 2.4483 1.5707 0.3232 4.2814 0.4536 1.0890 0.1243 0.0741 0.0036 2.4075
5.2005 0.0121 8.9160 9.6797 3.9901 0.0576 7.0935 2.0685 0.8885 0.0003 7.9739 0.0510 3.8813 3.0355 0.5654 4.8923 0.3394 1.0535 0.3154 0.1270 0.0000 0.4676 0.1625 4.5170 0.0434 2.3345 6.1270 7.6005 0.1497 1.6110 2.6448 0.2092 0.0312 8.8084 0.0002 0.0426 5.3002 0.1395 0.6143 1.5310 0.0259 0.3486 0.0111 3.5131 0.1359 0.7923 2.6280 2.1177 0.0638 0.0002 0.2867 0.0084 5.5982 0.0942 0.4135 2.2412 2.5179 0.7690 0.1191 3.0061 0.2281 0.1999 0.0182 0.0155 0.0043 0.0144 0.0022 0.9249
5.1956 0.0121 12.3127 8.7091 0.0520 5.6945 0.1318 0.8705 3.8323 0.1741 5.5647 0.9522 0.0028 0.2868 2.5447 0.3395 0.0023 0.0002 0.0007 2.0898 0.0011 0.0442 2.1314 5.4524 3.1609 0.0115 0.8671 0.0159 4.3051 1.4636 2.0251 1.0479 5.2859 1.2764 0.0817 0.0082 0.4096 0.5497 10.2869 0.0565 2.3517 0.0160 0.1030 0.0045 2.3752 1.4467 3.4176 0.8611 0.1934 7.6815 0.1121 0.0037 0.6814 0.0002 0.6258 8.1792 0.4139 0.9829 0.0261 0.7654 5.4909 1.4958 0.0011 5.0457 1.0889 1.9407 3.1440 0.5263 1.6953 2.0306 0.1098 0.0210 2.8221 0.2143 0.0006 0.0006 1.0537 3.1693 5.4147 6.7468 0.9049 1.2168 0.4327 2.4492 6.8002 0.8656 6.1340 0.0004 0.0003 0.0420 3.1463 1.4548 6.2178 0.0011 1.1873 3.4968 0.0305 0.9550 0.0052 7.2866 1.9740 4.7840 0.1463 0.4825 1.1098 3.3150 0.9035 0.1506 1.5116 1.4035 4.6418 5.7432 5.1037
5.1958 0.0120 5.0150 5.8604 8.1738 0.2581 6.6882 1.1906 3.4550 2.4425 7.5452 3.5264 0.2304 4.8274 0.0768 5.2762 1.9210 0.3864 6.1450 0.0534 2.4531 3.7127 0.1432 0.3146 0.1725 3.3621 0.3971 1.7709 6.4294 3.0731 0.7549 1.0021 0.3049 4.2488 0.0043 1.1749 1.3219 2.0112 3.2747 0.0045 1.1907 2.8543 1.2357 6.4454 3.1423 0.0179 1.9007 4.7274 1.0181 1.0611 0.5307 2.5753 0.2884 0.0601 0.0048 0.1011 0.2616 9.4938 3.6320 0.0769 2.7615 3.2838 0.1052 4.7439 1.8589 4.1866 2.3019 0.0024 0.2438 3.6589 0.0009 0.0584 1.2855 0.8350 3.7334 6.3593 3.4063 1.2682 2.3708 0.9534 1.6226 1.5102 0.0337 0.0002 1.0633 0.2871 0.4065 0.1809 5.9906 0.6606 0.0540 0.0312 0.2204
5.2005 0.0121 5.0410 15.5062 4.1771 4.0947 8.2293 13.1898 1.9264 1.4104 1.8563 0.9998 4.4136 0.0563 1.9293 0.2262 2.2471 2.6220 0.8033 0.0006 0.0844 7.4794 0.0230 2.9912 3.3171 0.1032 0.6090 4.2559 0.0727 5.9153 0.0981 0.4453 0.3859 0.0001 0.1828 7.3688 0.4261 0.0112 0.0264 0.0001 2.0666 4.0564 2.6914 0.0012 0.0638 1.2597 2.9779 3.4818 4.3392 2.1628 1.5326 3.4858 0.5046 1.0824 2.4391 0.7141 1.8180 8.2894 0.2878 3.1094 2.7672 1.9231 0.0048 5.8697 0.1637 9.9719 3.4346 0.0780 0.4344 0.5257 0.0553 0.0729 0.2492 1.5116 1.8599 0.0561 0.0489 4.7914 0.3228
5.1958 0.0120 12.3275 8.6940 0.0542 7.1334 0.0899 1.1926 2.4639 4.9934 0.0106 0.1063 0.2816 2.0549 0.0097 0.0589 0.1508 0.0008 0.0176 2.5762 2.6770 0.5209 1.2496 1.5976 0.0011 0.0112 0.0282 0.2722 0.3614 10.0328 0.0701 2.1924 0.0269 0.0030 0.1571 0.0083 0.1170 1.0542 0.9706 2.9243 1.2336 0.2648 0.6026 3.6028 0.1050 0.0126 0.4162 0.4937 4.2174 0.0048 0.0031 3.2766 2.5228 0.4197 7.1941 0.0354 1.1357 0.6979 0.0014 0.6573 0.2885 5.1733 5.2247 0.0515 7.3064 1.8146 0.5932 4.5648 6.5428 6.5434 0.5789 0.0160 3.1994 0.1000 0.1889 0.1721 0.2384 2.4387 0.1666 2.1702 4.3518 0.0033 0.3702 1.0838 1.8771 0.7419 1.6987 0.0793 0.1081 1.2556 1.9514 0.0038 1.7395 0.7846 0.6392 0.0010 0.0359 0.9615 0.3204
5.2005 0.0121 13.2129 2.1889 1.0962 8.5432 0.1169 5.7096 7.9514 0.0017 3.2397 3.2627 2.1549 11.6137 2.7625 5.7458 1.2755 2.7358 0.2679 0.1852 6.6225 0.0520 0.0039 0.2058 2.0855 1.9112 0.3214 7.0711 0.0993 3.1501 6.0283 0.0111 7.7657 0.0277 3.6598 0.7256 0.9956 1.0617 0.0490 0.0515 1.6409 0.3486 0.0079 2.4671 0.0759 0.9685 8.1335 0.4305 1.4634 11.4299 0.0070 0.0370 11.7185 4.6072 1.7452 0.0082 0.0004 0.1457 0.2218 2.8388 0.1594 2.6109 0.6763 0.7444 0.6164 0.0460 1.4066 0.2305 1.1229
5.1658 0.0120 6.6212 13.4982 3.6104 0.4377 0.9805 2.7172 0.0195 1.7465 3.8397 0.2196 0.8477 0.0065 7.9402 0.1160 0.1208 1.0022 0.0066 3.9779 0.2704 0.2743 0.8248 6.4699 1.8674 4.3648 3.0700 2.3727 0.0889 0.0003 0.0003 0.0000 0.1561 0.5255 9.0076 0.0460 2.7994 0.0469 1.5951 0.0030 0.2138 0.0002 2.7972 2.8869 3.6956 1.9111 0.0003 1.2799 0.0102 0.5799 3.0625 0.0021 3.6161 1.8734
5.2005 0.0121 3.2910 18.3029 0.6146 6.9318 0.5061 3.0833 5.0387 1.1687 0.0062 1.6329 0.0637 0.0020 0.0001 0.0225 4.8612 0.2853 4.8620 4.1581 0.1092 1.6085 0.3563 6.4778 0.0385 2.2071 0.0173 0.0009 0.0983 0.0492 5.2290 0.1631 0.2631 0.8672 3.3719 0.6778 8.0839 0.8003 2.7708 2.6985 0.0008 0.5608 0.2553 3.2529 4.7490 0.8117 6.1475 1.4395 0.1385 0.7518 0.5620 10.4968 4.2124 3.0150 5.3819 7.1760 0.1576 0.0089 0.1245 1.2191 0.2973 0.7438 1.7769 0.0002 2.9613 0.0107 1.9943
5.1958 0.0120 14.9525 0.1545 5.1267 6.1293 6.8562 5.2739 9.9159 0.3899 2.7183 4.3897 1.5548 0.0017 1.7932 1.4684 0.6096 0.6568 0.0214 0.0217 0.0263 0.0000 0.0337 1.0490 8.0563 0.0312 4.0342 4.9901 4.7511 3.7887 4.5406 5.2047 0.1391 4.6287 6.4400 0.0229 1.7270 5.1152 0.8211 0.8116 3.6683 0.0267 1.9932 3.4197 0.1730 3.5963 3.2764 0.6466 0.0002 1.1457 6.7061 3.0651 4.6719 2.0860 1.6695 1.8080 0.1905 0.5136 7.4676 0.6292 0.4161 0.6655 5.3513 0.8617 2.3812 4.1725 0.0052 5.5563 0.0170 7.3972 2.5640 1.6880 2.5259 5.3711 0.0889 5.2448 10.3349 3.8992 4.6830 3.0933 0.1320 0.0041 2.5247 0.2408 3.0611 0.0018 1.5116 1.9649 4.4565 1.1288 0.0104 2.6250 4.2924 2.9150 0.2949 0.8824
5.1961 0.0123 13.4064 6.5183 0.0068 0.0480 12.7331 0.9443 1.2643 10.5194 0.7795 4.8443 0.3293 0.1375 0.0001 0.0683 3.9440 9.0126 0.0669 0.0001 0.0056 4.8328 5.7723 4.0946 0.1300 0.0346 0.0109 0.3718 3.3628 1.0023 0.0010 2.7057 2.6610 3.3067 2.9456 1.7431 3.7326 3.2665 2.6733 4.9667 0.0640 0.0037 4.1213 0.2980 0.5578 1.5456 8.2495 0.0627 5.4781 0.8801 0.0286 4.4622 0.0518 1.2460 3.5476 0.1047 0.0010 0.0075 9.3717 0.1211 3.2865 0.3321 0.0226 0.3630 0.5625 2.2253 0.2734 0.4702 2.7094 1.2776 2.3543 2.7304 2.8754 2.6273 1.1515 0.6710 1.0187 0.4734 0.0090 2.0505 0.1948 0.2511 0.7884
5.1958 0.0120 7.0775 15.6658 1.2064 0.0787 3.5943 1.1397 4.1710 10.5449 1.5541 3.5284 0.1096 3.2932 0.2187 0.6179 0.2880 3.4884 0.5557 0.0091 0.3650 8.8378 0.0485 2.7368 6.9652 0.0038 0.9323 5.2617 6.7895 0.4722 1.0561 6.9420 6.6989 4.9754 1.6479 10.1899 4.7277 0.1996 3.9602 1.7583 0.2566 0.6312 0.0000 0.0019 0.0334 0.0078 0.1018 2.1389 0.7358 5.9618 0.0498 0.4192 0.0471 0.6448 0.0024 0.0596 0.0533 6.6385 2.1451 0.0024 0.6153 6.7350 9.4107 3.8394 1.0395 2.8425 0.0146 0.0076 1.8906 0.0019 3.2070 1.6806 3.4654 0.0033 4.5341 0.2883 2.7210 0.6999 1.6453 5.2825 1.6382 0.6937 1.6283 0.0002 0.0019 2.2249 1.1093 2.3091 0.1227 0.0063 0.0000 0.0003 0.6273 0.0274
5.1956 0.0121 15.2970 5.4558 0.0248 2.9481 0.0020 0.5951 0.1339 4.9249 2.9995 6.0654 3.9807 1.7836 3.4291 3.8313 4.8071 1.2544 4.7248 2.9204 0.0014 0.0069 0.4318 0.0005 0.2835 0.0986 1.9677 0.2681 9.3160 0.1031 5.3064 0.1313 0.8248 1.2268 0.3106 0.1603 0.0145 0.1521 7.8543 3.8251 1.1649 1.0182 0.1989 4.6829 1.7015 0.0110 0.2857 0.4030 2.6718 0.2568 0.0010 1.4083 1.9144 5.4214 0.0037 0.7750 2.0151 4.2692 4.5338 0.1476 0.8506 0.0015 0.1357 3.9152 4.1435 1.9038 0.9455 8.3936 2.6839 0.0365 5.3215 2.9404 5.5906 2.4786 0.0010 1.4841 2.9437 0.2362 10.0241 1.5693 0.8203 0.0271 4.7727 0.0420 0.2021 0.3895 0.1202 0.0064 1.4112 0.0033 2.7006 8.2141 0.6299 11.7886 0.2701 0.1567 0.2138 0.0009 0.1934 0.7885 0.2353 0.0419 0.2623 2.9814 0.0022 0.1169 1.1458 3.7828 0.1371 6.6687 3.3713 0.5750 2.5985 1.0444
5.2005 0.0121 5.0410 16.2836 0.0874 2.1537 9.8145 0.2558 0.0061 3.2247 0.6705 3.8220 0.2539 3.5885 4.5451 3.3944 6.9039 4.1700 3.1098 0.0013 0.9104 3.6068 0.0795 9.1100 0.0474 3.0101 0.0151 0.0253 0.3654 0.0215 0.0097 1.9472 2.6390 1.2083 0.1507 0.3054 0.2599 4.7843 7.9597 0.1158 0.2174 4.5554 0.0748 5.2899 0.5651 1.6799 2.5971 0.9607 0.0011 0.1056 1.1754 1.1630 2.6256 4.5576 7.5309 6.4347 6.5283 1.1331 2.5613 0.0254 2.3839 9.3296 0.1690 2.1897 0.0139 1.7369 0.0041 1.4671
5.1961 0.0123 3.3282 6.4749 0.7093 4.8440 0.0452 8.5277 3.1077 0.0757 0.3081 5.1533 3.2428 1.3531 0.7146 0.1552 4.4570 0.0150 3.3933 1.8506 6.6020 1.0205 0.3226 12.3493 2.0475 4.8819 1.1551 0.0402 0.0055 1.1198 6.4933 0.0001 0.6285 1.5521 0.0007 0.1725 1.0902 0.1495 1.0608 2.2758 2.4022 3.0785 0.0006 0.0018 1.3467 0.9226 1.5131 9.3127 2.2984 3.8951 6.7171 6.4847 0.0257 1.5473 0.0002 9.3552 0.4531 1.6627 7.8363 0.0045 0.8453 0.1963 0.0002 0.4943 0.3203 0.0500 4.3479 4.2529 1.3995 0.6029 3.4589 0.3278 3.8940 0.7154 0.0005 0.1973 0.1292 0.0000 6.3620 2.9444 0.0544 0.0398 0.0225 0.5917
5.1794 0.0121 3.2593 6.4048 0.7082 6.6614 0.1787 12.4733 0.2189 0.0011 0.0002 0.3248 4.4115 0.6073 0.1045 0.0009 7.2248 0.0176 0.0006 1.7800 4.7037 0.0132 2.1010 2.8908 0.1478 0.7970 0.0010 0.0019 0.0004 0.5246 0.4378 0.0073 0.0051 0.0008 6.2418 0.6697 2.0598 1.2645 0.1732 2.4794 1.8794 1.7111 2.3818 0.9300 2.9022 2.7827 3.1007 0.6861 0.9660 0.0992 3.4115 0.4406 7.3691 2.0343 0.0002 0.0006 0.3398 0.4689
5.2090 0.0121 7.0203 11.1584 2.1946 1.5419 6.5876 5.6551 2.9353 1.9952 1.2781 2.2971 1.1829 5.2790 0.0184 7.4975 3.0377 3.9418 0.1013 0.9039 0.6216 4.4389 0.0632 5.5379 0.1133 3.0304 3.8556 2.4010 0.0721 0.5555 0.6660 0.0003 0.0005 1.4790 0.4304 0.8335 0.2066 0.0530 0.4226 0.0809 0.5960 0.5565
5.1794 0.0121 3.2593 15.8892 6.6071 0.0233 6.4516 2.5062 2.3480 0.0051 0.1571 6.4277 2.8263 8.6442 2.0648 0.5779 0.2116 5.2021 0.0090 6.5338 3.2657 4.4121 0.4993 3.6978 0.0282 2.3164 0.0806 0.2652 0.0790 0.1376 2.3781 0.7206 0.3216 0.0045 2.6672 0.0212 3.8276 0.8310 1.9014 5.2137 1.2042 3.0666 4.0685 0.0023 6.3499 1.8908 0.1070 0.0013 0.5256 1.9637 0.8216 0.0797 0.0001 0.5773 1.1011 0.2096
5.1961 0.0123 6.6407 11.5754 8.1366 0.6457 4.3734 0.1688 0.0004 0.0048 0.7609 4.7258 1.8162 1.3726 0.4288 0.0079 0.1798 0.0039 0.5812 0.0015 2.7068 2.2771 0.3163 7.1087 0.0228 7.3109 5.7822 0.0970 1.8182 0.0027 0.0002 0.0034 1.5234 0.6555 4.6271 3.9511 0.0009 0.2446 0.5237 0.0035 6.6333 5.5548 1.0126 6.6446 0.1155 0.3540 1.2971 0.0153 0.9081 0.2028 2.8000 3.4445 3.0038 0.0001 3.1672 0.4315 6.5822 2.1707 1.4675 0.0002 0.0213 0.0622 8.1238 0.0137 1.2056 9.6914 4.2783 6.7971 2.0752 1.4595 3.7227 0.0002 0.0004 1.4957 0.5767 0.1755 6.8522 2.3672 3.8348 3.6248 3.4665 1.2072 3.3219 0.3034 1.0702 0.4760 0.4790
