5.2005 0.0121 3.2910 10.8107 7.6796 4.4353 1.5909 7.6406 3.6414 0.0006 1.2860 4.4668 3.7501 0.0003 0.0004 0.0615 0.6548 8.5026 0.0413 4.0145 1.3204 3.2630 4.0312 0.0643 0.5503 9.2211 1.2445 5.3017 0.9911 0.0062 0.0022 0.3561 1.9833 2.5338 1.9122 0.0101 8.1106 6.6867 5.2689 0.4008 0.7729 3.0528 0.5518 0.5679 0.0080 0.1764 1.8324 0.2082 0.0079 0.0170 1.5038 0.0044 0.0014 0.0051 0.3941 0.6094 0.4802 0.0541 0.0001 0.0010 0.0144 0.5814 4.7966 1.4705 0.2051 1.9712 0.0014 1.4051 0.8728 0.0020 1.1773 0.6096 2.5056
5.1818 0.0120 3.3378 13.1786 4.2010 0.0798 0.1140 7.3616 2.6513 7.7592 0.2731 3.0767 0.2821 5.8725 0.0577 1.8551 1.2093 6.3100 2.1178 1.7342 2.9793 2.9665 3.8615 6.4067 0.8847 1.0270 0.5611 3.5883 2.7596
5.1958 0.0120 5.0150 13.1729 2.5102 2.9066 2.5474 12.8118 1.8970 0.0027 0.9126 0.3883 5.1276 0.0600 3.3408 3.9328 0.1593 0.3053 1.7212 1.8495 2.4681 0.2576 1.7273 0.5508 0.2598 6.3585 0.0331 3.9327 1.4434 1.1423 0.5816 6.0616 4.3611 0.9148 10.6431 0.0916 0.3593 2.0913 1.1137 6.7445 2.8452 2.2822 0.8930 7.5066 5.2730 0.0230 1.1226 0.2690 1.3532 0.8360 3.1657 2.4339 0.0183 0.2366 3.7646 0.3291 0.5177 4.4704 3.3340 6.4187 1.1417 0.0059 0.5526 2.0075 1.3531 0.0382 2.0586 3.3779 0.6838 3.7428 4.1191 0.8218 0.2106 8.0288 5.1504 0.3205 4.2278 0.8016 1.5931 0.4560 0.2726 1.8911 0.0041 0.9200 2.4607 0.2754 9.0452 1.4361 2.0301 5.4417 1.3229 0.6185 3.6378 6.3688 0.0069 2.2271 2.5554 1.5757 0.0490 0.3222 1.7721
5.1956 0.0121 15.3830 5.0708 1.4293 4.9574 0.0129 0.2072 3.7601 0.8192 4.2027 0.1952 1.2296 5.3308 3.4063 2.0315 0.3167 8.3499 0.1203 0.0042 0.2478 2.8633 2.9807 3.8976 1.9477 0.5608 3.7041 0.3256 3.8694 0.0854 0.0003 0.4134 6.1933 0.0601 3.8910 1.3086 2.8087 7.5164 2.6190 1.6045 0.1744 6.1703 0.3811 0.6283 0.3303 1.7370 0.6132 0.3696 5.7776 1.5658 0.3008 0.1651 0.0004 0.8236 0.2717 2.6218 3.0363 0.2124 3.8760 3.6480 0.0380 0.5726 0.0343 0.0007 4.9677 7.0564 0.4000 0.8450 0.0031 0.0538 0.9955 0.0004 0.0091 2.3289 1.0781 0.0948 2.6036 0.8931 0.2545 6.1979 0.8307 1.5808 2.7282 1.0479 3.9453 1.2660 5.8417 0.0055 0.2053 1.1091 1.6082 3.7302 0.0158 0.0199 0.0432 2.3245 4.1183 0.0382 0.3033 2.7033 5.9177 0.0373 0.0117 0.2442 2.5739 2.8589 0.3199 1.1768 4.5744 0.3211 0.0066 9.5430 0.0300
5.1658 0.0120 12.7149 3.2855 0.1269 8.6104 0.2574 4.8916 0.2698 0.0009 0.1269 1.9516 9.3650 7.2800 5.5929 2.0843 3.7076 3.2770 0.1464 1.5557 0.6024 8.7720 0.0383 8.2001 0.3623 0.4784 2.2523 0.1942 1.3701 6.6570 0.1712 0.9837 1.6785 0.6047 4.8575 2.8964 2.2161 2.8558 0.8595 1.4055 2.2305 1.2423 4.7482 4.7886 1.4217 3.9498 0.0653 0.6347 3.3140 0.8254 1.2808 2.2833 2.1437 1.0889 0.1428
5.1658 0.0120 12.3399 3.3975 8.5876 1.6988 3.7005 0.4460 2.0994 3.5920 1.7545 0.7120 4.3148 0.0898 8.8793 4.2861 4.4400 1.7702 0.4355 0.3052 6.4927 0.4650 8.6155 0.0323 9.6908 0.0607 0.1595 7.5661 8.0381 0.3135 2.8617 7.7012 0.6579 5.7757 2.1000 6.3740 5.0236 0.4298 0.8081 2.3204 0.4792 1.0262 1.4668 0.2173 1.3767 2.4767 2.5364 0.9607 6.2604 2.0058 5.1961 0.2727 4.8776 0.4946
5.1961 0.0123 18.0743 1.1898 0.2175 3.8082 4.2252 0.0242 1.3354 0.8107 0.0042 0.0024 1.8741 0.0053 0.0016 1.6139 0.9197 1.4643 3.8479 6.3954 3.1134 0.0081 0.0425 0.1871 6.5632 0.0633 2.7828 0.4615 0.2522 0.0200 3.1924 7.2503 0.0348 0.0708 0.1388 7.8710 0.0858 6.8757 0.2458 3.7568 0.8997 6.0114 0.0118 0.8714 0.0006 0.1330 0.2156 0.2016 0.5005 0.0228 0.0020 0.0180 3.1047 3.2178 0.0064 1.7290 7.3459 0.0888 1.6322 1.2911 0.3857 3.5803 0.0010 0.0149 1.3945 0.4026 0.0006 3.7054 0.7877 3.2184 0.4960 0.0017 0.1126 0.4464 8.8553 0.1355 0.6396 0.0002 0.0318 0.8860 1.4691 9.3207 6.9195 7.6597 4.4485
5.1816 0.0124 6.6225 10.7753 5.4981 9.6084 0.0003 5.4669 3.8863 4.7094 0.2743 5.6295 0.0055 3.0635 2.9544 0.6313 5.1956 0.0175 1.2768 1.2294 1.9891 0.3527 2.7971 0.6075 0.2608 3.9691 2.3329 1.7850 6.1438 2.0309 0.5609 5.1254 2.4255 2.1310 0.1791 2.8392 5.2622 4.1396 0.0010 0.0316 1.1964 0.5409 0.3203 0.0941 0.2595 0.3455 0.1189 4.8875 0.0657 0.0000 0.4152 4.2342 5.4822 4.9509 4.6300 0.1971 4.9437 0.1386 0.0246 1.3794 3.1527
5.1958 0.0120 12.1400 4.9817 6.1198 2.2198 2.4227 0.1609 0.5505 0.1331 0.0152 0.0079 1.9069 0.0750 0.0005 2.8772 3.0486 7.4382 0.1422 7.8688 0.1648 0.0232 0.4824 0.2938 1.1731 3.5038 0.7668 1.4702 0.0810 0.0394 0.0002 0.1863 0.0487 1.9975 0.4514 0.0167 3.1934 9.0816 1.4285 0.6739 9.0734 0.0559 6.9999 3.1200 3.2525 0.4358 2.2014 0.0003 0.0008 0.0567 0.2275 0.4838 0.8866 0.0256 0.0260 0.7022 3.7072 4.1784 0.5800 0.0157 0.2000 0.0502 3.3181 0.2010 0.0100 0.0165 0.7438 0.1023 2.1047 0.9805 0.0561 0.0133 0.0125 0.0002 0.7807 0.2825 0.1971 0.0247 0.0310 0.3473 0.0943 6.7259 0.7303 3.4279 1.0047 0.0030 0.1921 0.4177 0.8710 5.0073 0.0551 4.1503
5.1961 0.0123 11.7032 4.4463 7.2390 0.0247 0.5709 2.6923 5.5485 1.9840 2.4829 4.2478 7.1172 0.1669 0.0241 0.0118 1.1549 0.1889 8.9910 0.1574 7.5796 1.5562 6.1590 3.1034 5.0699 0.2153 0.1143 0.0073 0.3400 1.4265 1.4129 0.0657 0.0056 0.0015 0.0176 2.5472 10.0162 0.1020 1.0877 0.0152 2.2102 0.0013 1.4419 0.0004 0.1332 3.3133 0.0215 0.0035 0.4048 2.3620 0.0051 0.7400 0.8299 1.4750 3.6003 3.2735 0.0026 0.4771 0.7181 1.2939 0.0221 0.0047 0.0010 0.0128 1.2413 3.4637 1.6031 2.8230 6.5089 8.3917 1.3806 0.1287 0.5679 0.3910 1.5278 1.8374 2.3027 0.0021 0.0148 0.0025 0.0668 2.7388 4.5389 0.6016 1.4428 0.3804
5.1658 0.0120 4.9962 13.7797 4.1769 0.9028 2.4491 0.0852 0.0009 0.0010 2.7510 4.8387 7.7560 0.3337 0.3748 0.7578 3.2685 2.8794 0.3739 8.3728 10.4321 3.6119 0.2216 6.8282 0.0522 2.6291 8.4945 0.8031 10.7604 3.6191 1.7031 1.4966 5.5742 0.4326 5.6892 2.9448 2.3525 4.5038 2.2975 0.3448 0.2887 1.7786 0.0088 1.1888 2.3083 5.3836 1.1145 2.4118 0.0275 0.0400 0.4271 0.0030 0.0126 4.2521
5.2119 0.0123 3.3271 13.9909 1.5727 4.0669 0.5039 0.0083 1.5738 0.0460 0.0141 0.0004 0.0025 3.8171 0.0033 4.8323 0.0227 0.0003 0.9481 0.0006 0.0123 0.0005 0.0001 0.0621 0.8202 3.2563 6.6015 0.0001 0.1681 10.7075 0.0367 7.6151 3.7125 3.0637 0.3867 2.1439 2.1707 1.8428 0.0486 2.5198 2.3768 2.7139 0.1021 3.1714 4.7727 1.9557 2.2695 2.1661 0.1475 0.0831 0.0038 0.0024 0.0294 0.0152 0.0051 0.0004 0.0102 1.4036 0.3245 0.0003 0.0001 0.2960 0.0007 0.0014 0.0012 0.0000 0.0087 0.2989 0.5010 4.9476 0.0359 0.0199 2.0493 0.9386 0.5934 1.6283 0.0077 0.0058 0.0049 0.0024 0.0482 1.1787 0.3163 0.0036 1.9157 2.1015 0.3561 0.4870 0.1651 1.5462 1.3318 0.3933 0.0163 1.7100 2.0399 2.2364 2.8350 0.0079 0.0010 1.0682 0.0990 6.4203 3.7599 0.0692 1.5692 0.0126 0.0018 1.7571 6.2792 0.0385 0.0010 0.8947 0.0060 4.0471 7.6548 0.2597 1.5421 5.8131 6.7509 0.4975 0.0315 0.0901 2.9388 2.1297 2.6743 6.9521 0.1399
5.2090 0.0121 5.0203 14.7876 3.8512 2.7519 6.7720 5.3677 3.2030 9.0103 0.2456 1.9854 2.3643 8.4458 1.1672 2.2532 8.8842 0.1227 2.8023 2.2097 0.0004 0.2312 0.0054 0.1487 6.6227 0.0027 0.0021 0.5701 1.0778 0.2017 0.1682 7.6104 0.0667 2.8970 9.7976
5.2090 0.0121 6.5828 13.5029 0.9092 1.2239 5.6167 0.3134 7.5330 0.1749 0.0009 1.0038 1.5997 1.4409 0.0674 0.0031 0.0091 8.7632 0.6485 0.5436 1.7634 0.3460 0.6731 4.2029 0.0270 1.5337 6.1141 7.7727 2.5527 0.0166 2.0878 0.0053 0.0228 0.0186 0.0006 3.0668 0.1288 0.0117 0.3765 2.1909 1.2015
5.1985 0.0124 7.0597 12.5953 6.1886 1.8055 3.6756 6.1326 0.3695 9.0002 1.1026 1.4325 0.0680 0.3380 6.2838 0.0240 1.4077 1.0408 7.5297 7.9829 0.0543 2.6831 0.0164 3.1622 1.7941 3.9997 1.3179 0.7819 3.1247 0.8771 5.7747 2.6270 3.6831
5.1658 0.0120 3.3087 15.9095 7.5669 8.1221 0.1980 4.6048 2.0389 0.7737 2.0806 2.6234 0.0245 2.3594 0.0002 0.0079 0.0211 0.0009 0.0030 0.0099 0.0141 1.3024 8.3089 0.0504 2.2795 0.7178 10.8799 0.2316 1.3708 7.5312 8.6954 3.5716 1.6668 0.1341 2.1678 1.7019 0.5803 1.9326 0.0006 0.5687 8.0887 1.8692 0.4324 7.5195 10.0408 4.2610 0.0046 1.7841 1.5121 0.0012 5.4001 9.1033 6.7940 1.9536 0.0492
5.2090 0.0121 3.3328 14.3189 1.0546 1.3276 4.7682 0.0366 5.2818 1.8842 0.0086 2.9094 6.6837 0.0375 3.7475 0.1095 0.0341 0.0031 0.0001 0.0006 0.0127 0.0189 2.3389 4.1424 0.0003 0.0077 0.0099 0.8470 0.9588 1.7524 0.8596 9.8473 0.0329 6.8442 3.5686 0.0304
5.1818 0.0120 12.3378 1.5200 0.1939 11.1570 6.2565 2.9691 0.1499 0.9032 5.0705 0.8237 1.6966 0.0066 2.9060 2.7755 4.7033 0.0628 0.0064 1.6510 6.1748 1.7523 5.6782 0.9096 4.2581 0.2539 9.6176 0.0782 1.5627 1.2335
5.1954 0.0120 10.4856 3.1466 9.4178 0.2010 7.0589 0.9826 0.4306 2.9572 2.0293 0.0021 2.3625 4.0712 2.5627 5.5780 0.0166 0.0023 0.0001 0.0010 0.4881 0.1295 1.2472 4.3087 0.1985 0.0073 0.0746 0.3918 6.7425 0.0370 3.1283 5.9872 2.0691 4.1551 4.7056 5.4340 4.7495 0.1839 1.7458 1.7686 1.6545 3.0259 6.7208 0.2262 0.1252 0.0022 2.3676 0.0003 2.1524 4.9569 0.4602 0.3333 1.0816 4.6583 0.6709 0.1109 0.1418 0.1130 2.6097 0.0155 0.0072 4.1711 3.3139 0.2847 0.0002 0.0006 0.0001 0.0338 2.1036 4.5828 2.7835 0.0029 0.0026 0.0014 0.0085 0.6983 3.5130 0.0190 0.0008 2.3877 0.0410 2.1587 0.3481 0.9752 0.9145 5.6822 0.2003 0.8656 1.5823 2.5513 1.4356 3.9745 0.0987 3.3467 2.6963 2.3729 2.9839 0.3467 0.3847 3.1977 0.2615 4.3525 1.0483 1.7304 4.7365 0.4505
5.1961 0.0123 5.0157 5.9222 10.4289 2.0700 2.5002 0.6970 0.0005 9.4368 0.5903 0.0176 0.0212 0.0216 0.0008 0.0445 0.1816 0.0033 0.0167 0.0115 4.1411 0.0072 5.6834 0.3882 2.3303 0.0002 0.0006 0.0015 3.4298 6.5131 0.7946 1.7362 1.5887 0.1920 6.0293 0.0008 0.4826 0.0053 0.0217 0.3779 6.1519 0.0257 2.0829 6.0653 0.0267 4.3162 0.0111 2.3640 0.0006 0.0964 3.6700 2.4553 0.0089 0.0050 0.9104 0.3345 0.0006 0.0018 0.0039 0.1658 2.3475 2.1960 0.0609 0.6448 0.0011 0.0178 0.2018 0.3529 0.0874 2.3311 0.8409 4.2388 0.0024 0.2774 3.0517 5.4302 0.1899 0.0752 0.1703 1.4428 4.4988 0.0010 0.0010 0.0008 3.0257 0.0333 2.3502 0.0253 4.2156
5.1814 0.0124 5.0014 14.3109 3.8356 2.4580 3.1462 6.9643 3.8527 0.3387 1.8518 7.3371 0.0580 0.0108 0.1666 0.8782 0.3547 8.8135 0.0855 10.6240 2.6134 4.1504 1.0447 0.5396 0.3894 4.4048 8.6851 0.1459 0.0366 0.0045 0.0026 0.0361 0.5867 1.4696 0.2594 0.0053 0.5921 2.4008 0.2180 1.1906 0.0293 0.0073 0.2272 2.7593 2.3149 2.4663 12.0557 4.5031 0.2259 2.0561 0.6133 3.0590 1.9727 0.0042 3.0655 0.0274 0.1926 0.3354 1.1621 1.3143 0.3535 1.7630 3.6089 5.7234 0.0209 0.2174 0.0002 0.5452 0.3273 0.0032 0.0001 0.4803 0.0881 0.0005 2.5906 0.3839 2.0959 2.0338 2.3205 4.0784 0.6693 0.4579 0.0330 0.8665 0.1997 0.0149 0.0016 0.4879 1.7855 2.7351 7.0208 0.0008 0.0013 0.0003 6.5724 0.0049 0.3791 6.5453 0.0272 0.0094 0.7462 2.5054 0.0068 5.9175 3.3565 0.1489 1.5327 0.0308 0.0014 1.0211 1.3298 2.9661 0.0869 1.0003 1.9980 0.4330 0.5633 0.0032 0.0008 0.3315 4.0400 1.3911 5.4517 0.1405 5.0928 0.0227 0.7790 1.1468 0.0616 3.1586 0.0048 1.6750 2.3892 2.5690 0.0005 0.1606 1.5567 0.6427 4.4529
5.1958 0.0120 5.0150 13.8604 2.1245 2.2948 5.1990 2.9548 0.0133 0.0000 0.0002 0.0162 6.9179 0.0017 2.2166 2.2201 0.0794 7.8242 1.7824 1.4579 2.0058 3.3815 1.4404 7.6359 0.0211 6.2542 1.4359 4.0354 0.0737 0.5756 3.8694 0.0574 0.0187 0.5818 0.1500 0.0025 0.0001 0.0002 0.0100 2.9068 2.0271 0.7530 2.3459 0.5904 1.0199 3.8526 2.1247 4.8627 0.3621 1.9234 0.0426 0.7401 6.7251 2.2149 0.2834 2.0730 0.0058 4.3326 0.0464 0.0066 8.2331 0.4744 0.8566 2.5229 0.0109 4.3681 0.9104 0.2561 3.3843 5.1405 3.2822 5.6956 4.2916 0.8774 4.8889 0.0138 2.8769 2.5284 2.9653 1.5632 0.0465 0.5410 4.1944 5.8516 2.1065 0.0091 1.7690 0.0812 1.7018 5.2233 0.9686 0.7010 3.8935 0.0005 1.5776 0.9287
5.2005 0.0121 5.0410 14.8656 6.5516 1.5265 7.5970 0.4414 5.4759 1.0607 0.0145 3.5222 0.2133 0.0022 0.1860 0.9110 2.4265 0.3142 0.0005 0.0211 0.2591 8.8697 0.0436 4.3814 8.1393 0.0009 7.6736 1.2027 0.0191 1.9718 0.1082 0.0028 0.1677 0.0000 0.0005 0.0469 2.5833 1.7432 2.5511 3.7916 0.9007 2.1875 4.4598 2.8874 0.0085 0.4864 2.0727 1.1228 0.2713 2.2541 1.0201 7.4593 0.6434 1.2388 0.5662 0.1291 1.9573 0.1876 0.8243 0.0009 0.0015 0.1066 0.0000 0.0002 0.0206 1.8282 1.6289 0.0002 0.1255 0.0024 0.0001 0.0055 0.1544
5.1887 0.0120 4.3901 2.2378 2.3385 11.6745 17.3644 6.4749 0.2486 1.7841 2.4227 2.6033 4.9713 0.0553 1.7825 6.6771 2.9703 0.1341 7.5063 0.0041 0.1857 1.2275 0.0092 1.4352 3.2252 7.9360 1.3454 1.7587 3.4623 3.1502 0.1273 1.0206 1.4111 9.9960 0.1157 3.0770 0.0032 3.8448 0.7942 0.0016 0.0013 7.0892 2.4101 0.0765 5.0653 1.0693 0.7901 0.3546 0.0231 0.7365 8.8582 1.7238 1.0830 4.3306 1.2137 9.8227 9.3699 5.8192 3.4107 0.6556 12.7881 4.7869 1.0255 0.6736 6.7517 2.9972 4.1351 0.3203 0.6180 1.0598 2.8052 2.0563 0.3707 0.2034 6.1910 0.3770 0.3306 1.3449 3.1141 0.0174 2.1029 0.0013 0.8918 4.8505 0.7035 4.8265 6.7302 0.0330 1.2916 0.7647 2.6823 0.7603 2.2734 0.2841 1.5122 0.0241 2.1116 2.0807 0.0431 0.0209 0.1132 2.2589 0.8051 4.2305 0.0937 0.1590 0.6079 0.7952 0.7683 0.0960 0.5041 0.4234 0.4962 0.0977 0.0124 0.0906 0.1490 0.3550 0.1293 0.0123 0.0471 0.1086 0.0520 3.9521 1.7009 1.4434 4.4730 0.0048 5.6839 3.4266 4.0262 5.8306 3.3781 3.2696 3.9888 0.1786 0.0045 2.1903 0.8698 0.7708 2.7327 3.6680 1.2521 0.0846 0.2811 0.9056 2.0648 0.2208 5.5247 1.6032 1.3714 0.2171 0.0043 2.7423 2.9514 0.1524 0.7644 2.1053 0.5729 6.7411 0.3280 0.0587 1.3991 0.0914 1.6840 0.8606 0.4372 0.3445 0.0124 0.0490 0.0506
5.1658 0.0120 8.1212 9.5818 5.0108 2.9131 0.0305 7.7525 3.9048 0.6627 0.5302 0.0126 0.0023 0.0044 0.7945 3.5028 0.0006 1.8564 0.2006 0.0028 0.3199 2.2659 1.7081 0.1125 0.0952 7.7235 0.0577 4.6002 2.6125 3.9410 2.8264 8.1593 0.0808 0.1411 2.3367 1.6591 1.2124 3.1383 2.7365 4.5955 3.5622 1.5746 1.3459 2.9625 0.0062 1.0767 0.1529 0.0066 0.1690 1.1889 0.1075 0.0290 0.4122 3.8584 0.0084
5.1866 0.0121 13.5304 4.9566 3.8461 2.2058 0.0062 7.4088 0.6316 0.0242 0.0018 2.8506 0.2546 0.0013 1.3395 7.4681 6.7414 0.9727 0.0123 1.1433 0.0053 0.8973 1.1137 1.1330 4.0977 3.9594 8.4405 0.3639 7.1477 2.8217 1.0502 0.0008 1.0720 0.0362 0.1100 0.0861 10.8032 0.1411 6.4553 2.7699 4.6444 6.9252 0.0710 2.4431 0.2613 5.0699 4.6793 4.0902 1.8607 0.0794 3.9933 5.5115 0.9335 1.3327 0.1407 2.6601 0.0740 7.2364 1.4131 4.9223 2.7177 7.1942 4.3145 0.8060 5.1120 2.9602 1.9256 6.1498 3.3190 0.2187 0.0203 1.6641 4.8149 0.1058 0.2119 2.0891 0.0010 0.0000 0.2327 0.0007 0.5741 0.0790 3.1646 0.3120 0.3725 0.0730 0.0299 0.0005 1.6594 0.0301 0.0010 0.1943 1.3731 0.0010 0.0116 0.8864 0.0379 0.1745 0.3920 3.3155 0.1039 0.9913 0.0067 0.0081 1.4329 0.1395 2.4829 2.2861 2.0058 0.1960 0.3942 0.0071 2.2963 0.3616 6.4532 3.3639 7.5588 0.8248 7.4705 5.7669 0.9012 7.8584 1.6038 4.6002 2.4242 7.3933 1.6103 0.0553 2.1954 0.0006 0.0013 0.1300 0.6672 1.1948 3.8324 0.2798 0.0224 3.2643 0.5424 2.6823 6.4906 2.6586 0.4829 1.2032 5.9877 1.9578 5.1709 1.5974 0.0050 6.5475 0.2445 1.4801 2.5799 0.4537
5.1956 0.0121 3.2814 13.7879 5.1735 0.8001 0.0022 0.1535 0.0022 5.4749 3.9783 3.7234 0.2148 7.0099 0.4076 0.0015 0.0028 4.3296 0.0096 0.0197 0.0009 2.0518 8.3907 4.9513 0.0075 0.0005 0.0568 0.0035 0.0030 0.0146 0.3719 6.4946 0.0405 8.1106 5.3481 4.4550 0.4838 0.8390 0.2313 0.0008 0.0003 0.0174 0.0106 0.0063 0.0008 2.1025 2.8778 0.0002 0.0102 1.1544 0.0204 0.0821 0.0001 0.0011 0.0005 2.8524 3.2842 0.6978 0.0012 0.0012 0.0002 0.0010 0.0005 0.5465 2.3380 2.7736 0.0330 2.2698 1.2572 0.0010 0.6006 2.8454 0.0023 0.2019 3.4852 2.2174 3.5907 6.4226 0.0881 0.5061 0.0005 7.5406 2.1540 0.0029 0.3164 0.6344 0.0019 0.7168 0.0047 0.0004 0.0005 0.0008 0.0009 1.6782 4.2540 1.2647 0.0003 0.0253 0.0008 0.7523 4.2610 1.0155 4.5608 0.2276 1.3522 0.1292 0.0005 0.0003 0.0140 0.0029 0.0066 0.0003 0.3689 1.9597 2.4244 3.4978
5.1818 0.0120 5.0253 13.9680 0.6648 3.6527 0.0039 3.7732 1.5485 1.5484 3.2839 0.0824 0.6674 1.5437 6.6122 0.0300 4.9038 7.4634 2.5275 6.5559 0.2148 1.9401 0.2343 0.0150
5.1958 0.0120 3.3275 10.7801 8.4205 0.0345 0.5760 2.0823 8.8779 1.6918 3.5509 5.4324 5.9155 0.7029 1.1556 0.6542 2.1933 0.8111 6.7869 3.2968 1.0852 0.0080 1.6019 0.2199 0.0030 0.0007 0.0016 0.0012 0.1161 0.0004 0.0010 0.0062 0.5409 6.2288 0.0265 2.8883 8.3599 0.6142 0.0139 0.1279 3.4815 7.3775 4.9546 1.2735 4.3338 0.0079 3.0291 0.3117 4.9928 0.8698 2.7560 1.6143 4.3038 0.6610 1.1077 0.0883 0.0927 0.0063 0.4722 0.0615 0.8838 1.8537 7.5665 0.7842 7.2788 0.3440 3.9446 0.0198 2.3543 0.1271 5.8900 0.1562 1.7052 0.0121 0.0006 0.3213 0.2652 0.3631 4.4326 0.1152 0.2173 3.8624 0.0141 0.0045 1.6068 0.1795 0.0008 0.4133 1.9812 4.3416 0.9874 1.5257 0.6420 0.9424 0.0047 1.0895 2.7448
5.2005 0.0121 3.2285 21.2977 2.9081 0.2030 2.3325 10.4063 2.3311 5.6827 3.9904 4.1496 3.5659 3.4592 2.1549 0.0042 2.8836 0.0105 4.3769 8.0082 0.2691 5.6210 1.7065 1.9650 0.5721 0.1424 0.0006 7.9351 0.2480 4.2940 0.5825 1.1768 1.1376 5.9445 0.3256 2.1769 0.0098 0.0853 1.9532 1.1688 4.5195 6.9969 6.4035 4.0216 1.6287 0.1424 0.2901 3.9376 0.2667 0.0492 0.0886 2.7440 2.6775 0.4537 5.4534 0.0136 3.7609 1.2033 5.9467 0.0494 5.5312 0.0309 2.5869 5.4792 1.2848 4.3894 0.1210 0.0040 1.2933 0.8187 4.9753 0.8361 1.5811 1.3344 1.5698 0.0226 2.1100 0.0037 2.1209
5.1887 0.0120 15.4448 0.9209 10.7449 2.4673 5.2970 0.0934 0.7125 0.0106 0.0644 8.0337 0.0181 8.2074 0.0368 0.0020 9.0685 0.8992 4.6853 0.0057 0.1628 0.0006 0.0683 2.4880 1.3036 2.9065 1.1381 7.2079 2.2968 2.9422 3.7779 0.0140 5.9011 0.0157 6.2305 2.7816 0.3486 0.0401 0.7827 0.0006 0.0044 0.0001 0.0001 0.0684 1.1121 9.5381 0.1962 7.6815 0.0776 10.8992 0.8370 4.9985 4.0164 0.9872 0.0007 4.5353 0.0023 0.0020 0.1438 6.6592 0.1394 2.2783 3.0692 1.7115 2.4473 0.6742 0.0006 0.0042 0.0010 7.0374 0.1651 7.9529 1.1519 1.1964 2.8468 0.4653 4.8988 0.7280 0.0201 2.3096 0.0571 5.6435 0.9305 2.8389 0.1289 2.2062 0.0268 0.2867 3.3982 0.3105 1.8632 0.0115 0.1207 1.8821 2.4295 1.0583 2.5146 0.7028 1.9366 2.0657 7.1726 0.2045 1.2239 0.0074 2.5972 0.0032 0.6635 0.0138 0.0012 0.1013 0.1520 0.0196 0.4288 0.0001 0.0025 0.6206 0.0038 0.8675 0.0092 0.3395 0.0100 0.0047 0.0013 0.0052 0.0042 0.3142 0.1445 1.9954 2.3051 2.3695 4.8139 0.1218 3.0023 9.6168 4.5683 0.9193 3.8816 0.2253 0.0279 0.0045 2.7438 0.2540 1.1417 3.3944 0.0116 6.5289 0.0069 2.4473 0.4669 0.0005 1.1626 0.0149 0.4752 1.4953 0.5204 0.4682 0.0907 0.0054 0.0010 0.2588 4.5827 1.7197 0.0016 0.0037 0.0023 0.6250 1.6784 3.9561 0.1327 0.5537 0.1186 0.5610 1.6531 0.3135 5.6088
5.1958 0.0120 6.6400 11.4944 0.3624 7.9634 0.9332 2.3847 0.0294 6.9696 0.2038 0.0218 0.0047 2.5892 3.7619 2.6983 0.0007 0.1029 0.2128 5.9122 0.0202 1.8417 4.6504 0.5110 4.1452 0.0047 0.5091 2.7340 2.6991 0.2360 0.3182 3.1941 0.7627 1.7803 2.7204 0.5557 0.0082 0.0182 0.0002 1.0610 3.2371 0.5065 0.0025 0.4027 0.6463 0.0040 0.1081 0.0058 0.5980 0.0071 0.5208 2.3713 2.1986 2.7107 0.4315 0.0296 4.1878 5.6631 0.4096 1.3788 3.0127 2.6053 2.7504 2.5607 0.6142 2.2827 3.3954 0.6362 1.0706 1.4358 0.0422 0.0025 0.0046 1.0420 4.5513 4.3159 5.1400 3.5344 0.4129 3.7204 0.1557 0.9223 0.8050 0.1273 1.6995 0.1697 0.0793 0.4868 1.5912 0.2125 2.6505
5.2005 0.0121 17.1646 3.4146 1.3154 5.7547 5.5192 0.9740 0.0305 3.0545 1.2826 0.2578 0.0242 2.1148 3.8921 0.8496 8.5179 1.0549 7.8813 11.1020 0.5487 0.0164 0.6981 4.9859 0.0339 2.4649 0.5738 4.0096 5.4816 0.0041 5.5256 2.2759 1.8348 0.5076 5.6102 0.1655 4.7747 2.4407 5.5310 1.9631 6.4126 2.8094 0.0480 2.3678 5.3513 0.0928 1.3201 5.5856 4.3567 0.2718 4.7364 1.4932 0.0145 0.0728 2.5601 0.6799 0.8208 2.1268 0.0125 0.8324 0.0814 0.5851 3.0477 2.3073 6.2664 0.9884 0.4823 1.6241 2.4350 4.0188 1.8666 0.0440 0.3501 0.4109
5.2005 0.0121 5.0410 13.0453 6.4491 5.0207 5.6981 7.9781 0.0367 6.1469 0.8872 0.2974 1.2846 1.3872 0.7183 0.0032 0.0065 0.0034 0.0814 1.0183 0.1444 6.4285 0.0435 1.8107 10.1237 0.0323 0.0015 0.1167 0.0055 0.0054 0.3244 0.0059 0.0023 0.0258 0.3661 0.8018 2.8362 0.8998 0.0958 0.0966 0.0342 3.4325 1.0604 0.0116 1.9524 0.5626 0.0097 1.6409 0.2919 0.0451 1.0000 0.0553 0.0063 0.4496 0.0337 2.3142 5.4164 0.7007 0.4560 0.8254 0.3161 7.6069 2.3900 6.5349 0.7801 3.1028 2.4896 0.7183 0.0258 0.8609 0.5516 0.3279 0.0004 1.3855 3.3770 3.8134 0.7903
5.1961 0.0123 3.3282 17.0687 6.9353 2.8108 0.1857 2.7135 3.8849 3.2743 1.9281 6.1618 0.1353 7.5972 0.4654 0.7848 0.0006 0.0934 1.3610 0.1939 0.1950 7.8381 0.0284 5.6460 0.0446 0.6555 5.1218 4.8735 4.8964 1.3347 3.5798 4.1716 2.6334 4.0973 0.5122 0.2572 0.0952 0.0052 1.2542 1.9644 0.5758 8.0986 2.9856 5.3212 0.0584 2.5415 3.9592 2.0537 1.6187 3.9278 0.0119 7.1860 0.1142 0.5929 0.0008 3.7136 0.0263 2.0435 1.0989 0.3452 0.0008 0.5927 3.5951 6.3564 2.7757 0.2858 0.0107 0.0009 0.6004 2.4865 1.1592 9.3712 2.2322 0.0269 0.1862 0.0313 0.0004 0.0001 0.2397 1.9248 2.5654 5.3265
5.1658 0.0120 3.3087 6.4134 1.4588 5.4087 0.1293 6.3766 1.6137 0.0398 6.5286 8.6465 1.8066 0.0689 0.3567 4.7438 4.6530 0.2370 2.8533 2.8473 0.2678 5.2328 0.2173 0.0001 0.0011 0.0006 0.2679 4.7200 0.0186 2.8222 0.5045 1.2599 5.6576 0.1815 0.7026 0.0010 0.0011 0.5312 0.0704 0.0406 0.0000 0.0831 0.1987 0.1038 0.0160 1.9858 9.6825 1.6793 2.1759 0.0033 0.0030 0.5576 0.6167 0.0666 0.0000
5.1814 0.0124 8.9389 8.8959 2.0219 0.5412 0.8678 1.7144 4.2041 2.2567 2.3813 0.0100 0.0084 0.0035 0.0004 0.0006 0.9770 1.1108 3.7305 9.1956 2.8078 0.0073 0.0634 0.0004 0.0382 1.3729 2.0752 1.1391 7.0307 0.0490 1.6078 0.4077 0.0655 7.0746 0.1059 5.1926 6.7185 3.0057 0.0008 2.1608 0.2429 7.7478 0.6195 0.0015 0.0051 0.0089 1.6026 0.5813 0.1859 0.1251 0.0018 0.0012 0.0003 0.0002 0.0006 0.1229 1.3278 4.0822 0.1033 0.0001 0.6622 0.4434 0.4589 5.6240 0.2236 0.0011 0.0007 1.9487 6.5367 1.2046 4.2331 1.0173 0.0034 4.7647 0.2446 3.7977 4.6846 4.3889 1.3210 0.9284 0.2150 6.0065 1.9428 2.3248 4.9403 0.0336 3.5999 0.5172 0.0097 0.0136 0.0010 0.0129 1.8336 6.5597 1.9352 4.4910 2.0124 6.5624 1.8617 2.7582 0.0304 2.4809 1.2193 2.9139 1.7287 2.1561 1.5504 1.0705 4.5326 4.1083 8.8922 3.7183 0.3831 0.1808 2.7528 2.7554 2.5487 1.4666 5.3557 5.0011 0.0035 5.0593 0.2341 0.6601 3.1671 0.3121 0.0098 0.1995 7.5952 0.0610 2.9723 2.8468 0.0455 0.0241 0.0010 0.0016 1.7178 0.0501 1.0879 5.2522
5.1658 0.0120 8.1212 7.4412 4.5955 4.7644 0.0440 7.0977 3.5469 3.0290 2.7889 4.6966 0.5650 4.1522 0.0054 2.5154 0.0060 0.0013 0.1989 8.3288 0.0461 3.2342 1.2974 2.1947 0.0102 0.0406 0.0003 4.9469 0.1977 1.2462 0.9109 0.6399 0.1718 0.0005 0.0099 0.0020 0.0040 0.9434 0.5673 3.8811 0.0018 0.5158 3.5064 6.9917 0.8910 0.0076 0.0235 0.0005 3.4161 0.0003
5.1794 0.0121 5.0093 14.6079 4.1160 6.8311 4.3200 5.7007 3.1390 3.0085 0.9670 0.1819 6.4702 0.0188 4.8526 1.6807 2.7744 0.5262 1.3592 0.3503 3.9833 0.7099 0.1871 2.5527 0.2686 0.9044 0.4833 0.4650 3.2901 1.0556 0.7019 0.0908 0.3235 6.2461 0.0702 7.7338 5.3352 1.0527 3.2680 0.6091 3.3738 0.3549 4.4393 3.3882 3.8369 0.0802 2.1911 0.0478 1.5949 0.2231 0.6805 2.3939 0.0226 0.2849 2.3686 0.1494
5.2090 0.0121 9.8953 10.4228 0.9481 1.5235 0.0017 0.0004 1.8607 1.5063 2.5586 0.0012 0.1020 8.1353 3.0110 0.0600 0.0002 0.0407 0.5781 3.7874 0.0099 0.0002 3.2928 7.1812 0.0889 1.8081 0.0003 0.0022 0.0015 0.2644 0.0003 2.1131 0.0017 0.9570 7.4772 0.1221 1.7883
5.2005 0.0121 5.0410 7.0453 6.1589 5.8794 0.0187 8.7099 1.8779 1.2124 0.0010 1.1425 0.3050 0.1786 1.2795 5.0812 0.0013 0.0008 0.0004 0.4226 0.0922 0.1713 5.1309 0.0214 1.3401 9.0055 5.7357 0.0059 0.6231 2.9943 7.0821 0.0117 0.0007 3.2116 7.5320 0.0099 0.8982 1.1057 2.6601 5.0629 1.4917 0.0439 0.5076 0.0812 5.2072 0.0026 0.5368 2.9817 0.0558 0.5989 0.0691 0.0012 0.4718 0.1310 1.1078 4.0758 3.4809 0.0060 4.0976 0.0868 2.8933 5.5820 0.5790 0.0021 0.2787 2.4678 3.3928 0.4468 0.6405 3.0504 0.2007 2.9208 0.5899
5.1961 0.0123 7.0782 11.4215 1.7201 2.9039 0.0003 10.1584 5.0446 0.0001 0.0007 0.3696 5.8640 0.0199 1.2447 1.2303 2.0687 6.2522 2.9953 5.1731 1.2542 6.6599 5.5250 0.5356 0.0086 0.7657 5.9354 5.9221 3.8305 0.0143 0.0434 3.6161 0.0011 3.2183 1.4485 0.0007 1.4693 4.6968 0.0008 0.4469 0.6525 1.6738 0.7023 0.0473 0.0310 0.0012 2.5012 0.0006 2.9020 6.0404 0.5415 0.3211 6.1468 5.3878 0.2763 7.4701 1.1440 2.7341 1.4290 0.3092 1.4892 3.9592 3.7358 0.0214 3.2370 0.5817 0.5086 4.0742 2.6779 2.8070 1.1484 0.6008 0.3190 2.8644 0.4761 1.5914 0.2621 2.3022 0.9453 3.2562 0.8343 1.2939 0.5582 2.2878 0.4336
5.1808 0.0120 7.0591 11.2473 10.2798 3.0198 3.7996 10.2201 1.1825 5.5630 1.7108 1.4611 0.6267 7.8308 0.0025 1.8227 0.0141 1.4463 1.5011 2.0767 1.0878 2.8748 0.0010 8.1153 0.8311 2.3458 2.8673 0.0084 0.0646 0.0953 0.8455 0.2898 6.3577 0.0421 3.8044 4.7204 4.4464 2.1036 5.2686 2.0475 1.7522 3.7361 5.2189 0.0055 0.2689
5.2005 0.0121 12.9785 2.0590 4.1238 1.9142 2.2955 9.1238 0.1863 1.6360 0.0035 1.6780 0.0036 0.0760 3.3504 3.7063 4.8220 4.9321 0.0810 0.0050 6.7161 0.0169 0.0367 0.0050 1.8867 0.6841 6.9647 4.0832 0.0250 0.0003 0.0010 0.0039 0.0146 0.1949 0.0004 0.0320 0.0039 1.0078 8.2630 0.0868 4.6906 1.9210 0.8727 8.7264 1.3601 8.7370 1.1467 0.1509 4.1117 1.0376 1.3465 0.0251 0.1409 2.8394 0.0176 0.0705 0.0020 0.0512 0.0294 0.6686 0.0205 0.0036 1.6723 1.2256 0.1787 0.7762 0.0027 0.0049 1.7257 1.2202 1.4502 0.0428 0.0525 1.6425 2.2202 2.3604 0.1614 0.7227 0.0058 0.2371 2.1678
5.1958 0.0120 6.6400 13.5217 1.8374 4.3509 7.1234 0.1149 6.6274 5.1755 0.1275 1.6480 0.0003 2.3828 0.2649 6.0978 0.0195 4.7271 0.0431 2.6620 2.6584 0.0338 2.0878 0.3910 1.0468 0.9957 0.2533 0.6664 0.6275 1.3199 0.5462 0.2944 0.0291 0.0002 0.0123 1.0120 5.7852 8.4349 8.4002 3.6519 2.7349 3.4655 1.3971 0.5069 0.3979 0.5122 5.5188 0.0632 1.5679 0.0206 0.2254 0.0056 0.0121 0.0102 0.6729 3.6084 1.0079 0.1302 0.1593 7.5618 0.0875 7.9796 4.1618 5.1480 2.8981 5.3840 2.8293 1.2589 4.0082 0.4440 2.7304 0.0829 0.7930 1.0087 0.0461 6.2782 2.9641 2.0668 1.4187 0.1597 0.2280 1.8021 2.8317 2.0949 2.3790 0.0939 3.6823 4.0506 0.0667 1.7796 3.3260 2.0210 1.1903
5.1961 0.0123 3.3282 7.0999 5.9778 9.3972 2.0268 5.9032 0.0020 2.9309 0.0347 0.0164 0.0009 0.0611 0.4254 0.8514 0.0010 0.0320 2.9628 4.0695 0.8696 3.4825 1.0594 0.0006 0.0064 0.0003 0.0001 1.7593 4.3278 0.0006 0.0026 0.0493 1.1990 0.3083 3.6445 0.0007 0.7937 1.3661 0.0001 0.0007 2.4319 0.0001 2.6253 0.1113 8.2625 0.0167 4.2718 5.4446 0.6125 0.7017 0.4338 0.2155 7.8336 0.0035 0.0003 0.9311 2.3826 0.7750 0.7151 2.8061 0.7867 3.5058 5.6150 3.7746 0.0013 0.0700 0.0303 2.9973 0.3536 1.7583 2.7072 1.1455 2.3070 2.3155 2.3092 0.4458 1.6379 0.2948 0.0624 0.0208 0.0008 0.0015 0.0001 0.5298 1.3064 1.8814 2.2771 0.0837 1.3157 0.6689
5.1958 0.0120 8.9525 7.9204 1.9101 11.6777 4.8381 12.3751 0.3503 13.6607 7.6360 3.3118 0.6878 8.1241 7.1547 0.0950 6.5629 0.5349 0.0097 0.0342 0.3821 3.9822 3.5900 1.8836 2.8909 3.0031 2.4541 3.0119 6.2070 0.4125 0.0013 2.3091 3.8548 0.8970 0.3774 6.7622 0.0739 3.1069 5.8511 0.7011 1.4112 0.2631 0.8113 5.0101 0.2370 0.0470 1.2993 0.0943 0.0010 1.8903 1.8949 0.0069 3.9219 0.3795 2.6083 7.3334 0.5253 3.0918 1.9548 4.6734 1.7126 2.2197 4.5964 0.0151 0.0000 1.7716 3.4310 2.4127 0.0567 0.0061 5.1457 0.0248 1.0603 1.6513 0.0867 0.2027 1.0536 1.1095 7.1157 0.0670 2.9489 2.1100 0.2368 2.5496 0.2537 0.0007 1.4378 5.9279 2.5821 0.5059 6.1975
5.1952 0.0120 3.2683 7.0298 7.5041 0.1417 4.5730 7.6228 3.3496 0.0045 0.0032 0.5701 0.0278 0.1360 0.2282 0.0803 0.0021 6.8465 0.0143 1.3115 3.0882 0.0011 0.7588 0.0006 3.9895 0.3381 0.7453 6.2133 0.0120 3.5513 0.5810 5.9219 1.1322 0.0327 6.2462 0.7520 0.1305 3.4931 2.1630 0.4367 0.0024 0.0004 0.0014 0.0388 0.0022 0.0576 0.0293 0.0024 0.0006 0.6958 1.7233 0.0320 0.4803 3.5772 0.0117 1.3419 0.5626 0.5869 0.2292 0.2464 0.0001 3.5378 0.3251 1.7291 0.2585 3.3875 7.2545 0.1533 5.3130 1.4527 2.6066 0.1150 3.7049 5.8715 0.0006 3.4859 2.3897 0.2488 0.0034 2.2355 1.3950 1.2300 0.1684 1.8641 0.0008 2.4930 5.4534 0.0493 2.3541 0.8448 6.3129 2.6745 0.0271 0.0838 6.7548 0.0020 1.0974 0.3384 7.9057 7.4355 1.8478 1.6107 1.4039 5.4439 2.1713
5.1794 0.0121 10.6343 8.3796 0.1852 4.0752 3.4107 1.3188 2.6128 5.4640 0.0062 0.1013 8.6806 0.0137 0.1362 0.8372 3.8888 3.8106 1.4086 0.5916 1.1760 1.7019 3.3217 5.2893 2.8312 0.0612 3.9046 0.7077 9.3837 0.0968 3.9535 1.2249 4.7686 1.5733 2.1762 3.3088 5.4977 1.7977 6.4395 3.1332 0.9943 0.1430 1.3661 0.6709 0.6268 0.1909 0.2607 0.0054 0.3336 5.8816 0.5326 5.1519 0.0517 0.0032 0.1912 0.5117 3.0488
5.1956 0.0121 8.0939 6.5790 5.5078 11.1769 1.2745 4.8124 6.4264 0.0549 4.3605 0.0158 0.0091 1.3002 0.7012 6.6632 0.0005 0.8336 0.0005 0.0042 0.0002 0.0031 0.0059 0.0022 0.0000 1.0745 7.0099 0.0400 1.9699 0.3448 0.2373 0.1572 0.2026 1.8479 2.5799 0.7089 1.5930 0.0179 0.9679 2.4361 0.4909 0.6900 2.9372 3.8235 1.3136 1.5801 0.0002 0.0174 0.0001 0.0018 0.0005 0.1666 0.0040 0.0021 0.0000 1.0536 2.5937 5.5708 0.1199 0.8294 0.0008 0.2026 0.0711 0.1301 0.7890 4.3305 0.0068 2.8836 2.9927 1.4657 2.1986 3.2569 0.1780 3.3896 0.2719 0.0160 4.9123 1.4422 0.4581 2.1700 0.0510 2.0467 1.4004 2.5799 0.0034 1.7828 6.9665 0.6495 0.0121 2.5775 6.4499 6.6931 0.0024 3.8127 0.0042 1.8310 4.1005 5.2488 3.5246 4.3062 2.6034 4.5689 6.0667 0.1318 0.0269 0.8357 0.5179 0.2714 4.0786 1.0635 2.7261 2.3285 0.7321 1.1181 6.7286 1.2112 0.0454 8.0691 0.0406 0.0013 1.2258 0.0003 0.5286
5.2005 0.0121 5.0410 7.0453 10.0808 1.2726 0.0119 5.0528 0.0953 1.6076 2.7719 7.1901 1.6977 4.4969 0.5303 1.1481 1.5490 2.3220 0.2197 0.8269 7.6086 0.0369 2.3656 0.0006 0.0129 5.6089 2.5827 2.2020 0.0015 0.0333 2.7645 3.0041 1.1107 1.7802 0.0731 0.1416 0.9970 0.6987 0.0500 4.1308 5.4789 1.4292 5.7547 6.3973 5.0563 0.0091 0.0036 1.1045 1.6211 6.1066 9.5805 9.6968 3.0068 0.6484 2.7853 2.3377 2.5865 3.4021 5.4532 3.8234 2.0615 0.0004 0.0039 0.0382 5.4813 1.5425 1.0624 3.5498 5.3971 0.6516 0.3386 0.0205 0.2118 1.9021 3.1717 0.0005 1.4659 6.0388 2.8427 0.0493 0.8486
5.2089 0.0123 10.6400 9.2648 0.7639 0.9564 0.0177 3.0888 2.3630 4.4345 0.6344 3.5417 5.5562 0.0618 1.0828 3.8962 2.8772 1.0387 1.6113 2.2026 0.1806 6.9995 0.0387 4.0572 0.9977 0.7529 4.4260 0.0074 0.0072 0.7796 3.8148 6.6687 2.4881 1.1225 3.9385 1.3897 1.3747 5.4074 0.0228 5.7961 2.0526 0.9079 2.2499 2.0207
5.1956 0.0121 5.0314 14.3970 2.3237 0.4903 0.0626 0.0045 0.0506 2.7346 10.0482 0.0650 0.0043 1.9170 0.3996 4.8976 0.0229 3.8265 1.1040 2.0576 1.2434 0.3964 0.0001 0.5445 4.4164 0.0485 3.2466 3.0842 0.0308 2.0043 2.3581 0.5847 1.2136 3.5181 4.5930 0.1302 0.0019 0.0062 0.0030 0.0025 0.5369 2.4968 1.0924 5.6619 4.8168 1.7382 0.0008 0.0020 0.3472 3.1906 0.1199 0.3444 1.1818 0.8712 3.7247 2.8475 4.3056 0.1873 2.7745 0.0940 1.5949 0.0009 1.8416 1.1368 2.3787 0.5304 1.2389 0.0008 2.2562 1.2201 0.1122 5.0395 2.9037 2.8345 2.0516 0.0002 1.5397 2.3405 0.4236 0.1523 2.4946 0.1072 2.1183 1.0710 3.1060 0.0061 0.4408 1.3579 2.0156 2.6815 0.2124 1.7487 0.8385 0.2016 0.6726 2.6469 5.9603 3.1457 3.5960 2.5017 0.4515 1.6925 0.0937 0.1785 2.1677 2.1539 2.7977 1.6865 0.2802 3.7687 0.0004
5.2090 0.0121 5.0203 15.1469 0.1464 3.7550 4.3920 5.8601 1.4716 0.0001 0.0407 8.4541 0.5847 1.4094 1.5330 0.0003 0.0514 0.2221 6.7240 0.0306 4.9681 1.5285 3.9439 0.0059 0.0150 1.1656 1.3420 0.0102 2.6180 1.0118 1.0168 2.7133 0.0104 0.0029 1.4099 0.0356 0.0001
5.2005 0.0121 5.0410 13.4515 9.6413 0.1630 1.6110 5.7459 0.0046 5.2243 0.2823 2.3738 0.0219 7.3842 2.5016 1.6650 3.7493 0.4668 0.0001 0.1125 5.3987 0.0253 3.5862 8.0379 2.5135 0.3303 3.2064 1.8266 3.0047 0.0028 0.3125 1.2792 5.6050 0.3885 0.0471 0.3201 1.7731 1.6531 0.8349 2.6142 0.0263 1.3715 0.0063 0.0010 0.0015 5.9116 1.4587 0.6255 1.1749 0.0005 0.8298 3.5523 4.2473 2.8397 1.2302 0.0076 5.1078 1.0886 0.0816 4.6366 0.5284 1.5567 0.0011 0.5528 1.9189 0.0454 3.5619 1.8772 0.0010 0.0008 0.0005 0.7407 2.6742 0.1913 1.3052 4.9080 1.3210 0.0002 0.4333 0.0254 0.6895
5.2005 0.0121 14.0410 0.6999 3.1861 2.9111 1.4570 3.3583 9.7948 0.3059 4.7991 0.8947 0.3932 1.8504 3.0559 3.5226 5.9401 0.9120 5.7089 9.6246 1.5923 0.0662 9.2344 0.0422 7.1395 1.9586 0.6417 0.2548 7.4218 4.7280 3.9123 3.2925 0.1627 4.9855 7.3167 0.5436 0.6965 0.0018 0.1474 2.8005 6.0783 0.1282 2.1582 5.3351 0.0173 0.0683 7.7092 5.8591 0.7625 5.8488 3.2714 0.9812 1.5103 6.8378 1.2683 2.9759 2.7412 8.9602 0.0030 0.0865 1.1294 0.8422 0.9586 4.2703 0.1360 5.8994 2.0769 0.6586
5.2090 0.0121 13.2390 4.0850 1.9242 2.7535 5.1062 2.0850 1.1841 5.5765 0.0218 1.5287 3.9310 1.7000 2.6771 1.1966 0.5216 1.9827 0.3642 8.0647 0.0352 2.1987 0.9961 0.2312 0.2800 0.0003 0.0096 1.1805 0.0529 0.1665 0.2245 0.1125 0.0003 3.0241 0.6988 0.0983 0.0338 0.4277
5.1954 0.0120 15.0949 5.5401 2.1720 4.3405 1.9856 1.0384 2.5201 2.9564 0.0627 0.6950 1.2251 4.2448 3.5856 0.0008 0.0001 0.0219 3.2146 0.0086 2.7686 0.3159 1.0917 5.5476 1.8410 0.9971 9.5951 0.0361 2.1766 9.3199 7.4176 0.5990 0.3516 0.0006 0.1137 5.4133 3.7832 0.0053 2.0022 0.1650 0.5511 0.0983 0.0908 4.1347 1.7650 2.8701 0.7257 0.8793 0.5647 1.4404 0.2501 0.0235 0.4756 1.6290 1.1212 1.4413 0.0004 0.0000 0.1555 3.7002 0.1220 0.0006 0.0153 1.2716 2.9035 0.1819 4.4966 0.0467 5.9118 0.8475 0.9210 3.6454 2.4007 0.7730 2.0214 0.1792 0.0584 3.9892 0.2418 2.1219 3.3324 0.8687 3.5510 0.0006 0.0004 2.8460 0.7233 0.3899 0.0487 0.2532 1.6330 1.4662 0.6360 0.1082 4.4182 9.1034 2.9799 8.9668 3.5941 5.9957 8.1204 3.8834 3.2555 2.5274 3.4522 2.2358 0.6704
5.1658 0.0120 12.9337 4.3875 0.4185 4.3148 4.5436 1.5094 6.5952 5.7488 0.3350 1.4265 2.3019 1.2778 5.4239 12.6553 1.5742 4.0924 2.2436 1.2450 0.5870 1.2324 1.5964 1.8533 0.2772 0.0096 0.0154 3.4195 0.1033 0.0624 0.0000 0.0006 0.0004 3.3505 8.4719 0.0570 8.5181 2.9615 3.9318 2.8883 8.4098 2.9389 2.4273 0.0802 1.5329 1.8064 1.0137 1.8681 2.5598 0.2787 5.7895 2.8096
5.1818 0.0120 7.0253 5.0644 1.5450 11.1931 0.2150 2.3776 0.6704 0.0003 4.2041 0.0066 0.0003 2.4947 1.1950 0.1654 4.8664 0.0231 7.5781 1.7275 0.0044 3.0233 0.8661
5.1808 0.0120 6.9887 13.9210 5.5322 0.0020 10.8508 2.0829 5.6817 0.0537 8.5055 0.9895 8.1850 2.7490 0.9784 5.1875 0.0197 1.2637 1.0386
5.1658 0.0120 6.6212 11.7443 4.0721 0.2972 4.0358 1.8501 2.3186 6.1610 0.0364 0.0118 0.1675 5.4125 5.6288 0.0004 0.8398 0.7938 7.7822 0.0316 1.2957 7.9944 4.8763 1.2133 0.4197 3.6421 0.0103 0.1640 1.7685 2.3397 0.0523 0.0151 5.0282 1.2841 2.9418 0.0708 0.5767 0.0071 1.2516 1.1401 2.4391 2.6984 0.2414 1.0780 0.0012 2.3869 1.4730 5.2689 5.0944
5.2005 0.0121 11.6660 3.9366 1.1317 6.4696 2.1890 3.8317 0.4928 4.0750 0.2580 3.0766 2.4935 4.7429 11.6394 0.7653 0.0118 4.7597 3.2177 2.5522 1.3605 0.0016 0.0004 0.0041 0.9928 1.9382 4.1415 0.6423 0.3215 7.1697 0.1162 5.8490 3.0566 0.7749 2.9869 1.7156 1.7444 1.0698 4.6532 6.2393 6.0588 2.6330 8.6666 2.0616 1.1079 0.0442 0.2916 2.3248 0.4380 9.6285 0.7200 3.5491 1.7880 0.4212 0.2619 0.1297 5.1191 2.2665 0.2110 1.2096 2.6042 5.8518 1.6640 0.6320 0.0170 4.7523 0.0265 0.0003 0.0010 0.0027 1.9591 3.5251 3.6160 0.3895 0.5104 0.6099 0.0001 0.0062 0.8526 8.6097 0.0026 0.0174 0.0177 4.9764 2.4213 0.1176 0.2247 1.1772 5.2569 1.3093 0.0233 0.0892 2.6901 0.0011 0.0003 0.0005 0.0319 0.0011 0.0361 2.2524 0.5016 0.4347 0.0078 0.1889 2.3795 0.0001 2.7821 0.1902 3.1541 2.8416 2.3213 2.8508 0.1583 0.0117 0.0041 0.3417 0.1676 1.1946 1.7223 1.6262 0.0063 0.0108 0.0001 0.0017
5.1658 0.0120 6.6212 12.3693 1.7676 0.0133 7.1045 6.8750 0.8928 8.8057 0.0838 5.1986 0.1311 2.6928 4.2878 0.2498 6.4632 0.0388 5.2768 1.6797 6.2097 0.0227 0.0988 0.7634 0.0003 0.0026 1.3684 4.1599 4.7949 2.3846 0.0064 2.8361 0.8056 1.7828 1.2210 1.4035 3.9563 0.0042 3.8840 3.6598 4.4992 0.0007 3.3714 0.0837 1.4007 3.1360 0.4923 2.7387 0.6607 0.4795 12.0314
5.2117 0.0120 10.6608 10.3737 3.5812 0.2025 0.0054 0.1196 7.4492 4.7678 0.5615 3.0551 0.6677 1.7538 0.0044 4.5697 1.8952 1.7154 0.0024 6.8510 2.5917 0.4941 2.7591 4.1344 0.7442 0.0216 0.3632 2.5673 2.4256 1.4392 0.0045 0.2801 4.8502 0.0281 7.0492 0.5962 0.0518 1.3352 4.5283 0.0004 0.6685 1.0625 2.3464 5.6309 0.0058 0.0006 1.3316 0.0008 0.0516 0.5735 0.3754 0.0324 0.0005 0.0636 1.3183 1.1947 3.4419 0.6170 0.0282 0.1385 2.1491 0.0005 0.5246 0.8060 2.3664 2.4310 0.0468 0.7966 0.0053 0.0009 0.0145 0.0004 0.0124 4.7099 0.6384 6.0976 0.0386 0.6105 3.1453 1.6194 1.6247 0.0249 0.3466 3.1398 0.2962 2.6553 0.0007 0.2535 0.0008 2.4218 2.5640 1.3325 1.9505 3.0449 0.0077 0.0014 0.0002 0.7972 0.3987 6.4248 0.4249 0.2730 0.0088 0.1882 1.7000 2.3374 0.0030 2.1268 1.2606 0.4753 1.1612 1.4445 0.4706 0.0070 0.3830 1.5821 0.2553 0.0007 0.2588 1.4943 6.7690 0.0052 7.7019 1.2510 4.4705
5.1816 0.0124 3.3100 15.8445 1.6691 9.6281 0.0453 1.5956 4.0625 0.9122 5.7043 5.8714 2.4449 0.7581 0.3290 5.9336 0.0149 4.9653 2.3806 4.2079 0.4033 1.0764 4.8541 0.8113 4.3685 2.8549 0.3709 0.1593 2.4106 3.4559 1.6600 1.6028 1.3705 2.3466 4.2807 0.6740 0.9314 1.3765 0.3579 5.3150 0.2213 5.4298 3.0072 0.9909 0.5673 2.2028 1.8898 3.1105 1.7821 1.3542 0.8140 1.3310 2.6521 1.8621 1.0600 2.9207 2.9462 1.0634 5.2124 0.2220 2.4538 0.0055
5.1954 0.0120 3.2981 12.2246 6.4227 0.8162 2.5843 0.0679 0.0030 0.3896 5.8420 0.0337 0.0383 0.0005 1.5126 5.7579 0.2751 0.0121 2.2713 4.9135 1.9239 6.4111 2.3237 0.0056 1.2535 0.0289 0.0125 0.0101 0.0473 0.0066 2.3004 7.9970 2.2074 0.0023 0.0006 1.9915 3.0597 0.1108 0.0009 0.0027 0.1237 8.9646 0.0537 6.2539 0.7266 0.8402 4.3923 0.0016 0.0008 1.9191 0.0016 0.0001 0.0917 6.8538 0.4660 3.6798 0.8937 0.0227 0.4895 0.0043 0.0301 8.0523 4.1818 1.2307 5.6137 3.8486 6.0010 0.2023 7.1454 4.1195 4.6595 0.2705 1.0293 0.0767 6.9428 9.7594 5.7345 0.2470 0.1190 6.3158 1.6122 7.2576 0.0910 3.1572 8.9271 5.3392 1.9139 4.4546 4.3226 0.6572 0.3157 3.9520 0.4819 1.9714 0.6620 6.9521 0.1422 4.6458 0.0322 1.8043 0.0072 0.0100 1.4187 3.2307 1.3417 0.9764 0.0131
5.2005 0.0121 5.9160 12.8500 1.7593 0.6911 7.5090 6.1566 3.5653 8.7935 4.2811 0.3100 0.0007 1.0914 3.6701 5.0054 0.4192 6.6129 0.0023 0.2767 3.1390 0.2756 0.1446 0.2118 6.0911 0.0306 9.5559 1.8195 0.1849 0.0129 4.8969 3.4606 4.9949 1.5152 1.1270 0.5400 0.0436 1.3203 3.1067 0.0125 0.6963 4.6316 5.2156 2.7687 2.0712 4.6279 2.3534 0.6919 0.1656 0.7113 1.0418 2.3696 1.2246 0.3555 0.1994 4.2133 5.4244 2.1335 0.3999 3.0520 1.0077 4.1204 6.8215 0.2273 2.5234 0.6242 1.7136 4.1200 1.2393 5.2766 0.2156 4.2428 1.8895 0.5120
5.1961 0.0123 15.0001 5.8549 2.0877 8.7271 2.7930 3.6512 4.1450 0.1579 0.0693 1.2554 0.0008 3.0970 1.7530 0.6729 6.8516 3.8289 5.4547 0.1168 5.8801 0.0445 4.5970 6.2651 5.9356 4.9955 0.8556 9.1633 0.5502 7.0584 7.7096 3.1354 1.0399 0.0055 0.5099 4.6092 2.6279 0.0583 1.2156 0.1301 0.6979 0.1996 0.0069 3.9654 2.7931 0.8427 0.3334 0.0084 0.3559 2.1719 2.3244 2.4054 0.2679 1.2873 1.8817 0.5839 9.7478 1.6157 2.0786 2.7166 0.0986 3.9014 0.4164 2.5133 0.0002 0.1140 0.8152 0.0933 3.5626 2.5534 0.1933 3.0497 1.6140 4.6490 0.1745 2.4082 2.3640 0.0119 0.0016 0.0417 0.5916 0.0013 0.8600 5.5609 7.0807 0.1090
5.2005 0.0121 3.2910 15.8536 10.2457 8.1973 3.0775 2.6725 0.2668 0.0295 0.0500 2.7523 0.0099 1.3142 0.0253 0.0004 0.5688 0.3671 7.1765 0.0413 1.9684 9.1678 3.5028 4.8739 0.0014 1.0305 0.1785 2.2420 1.0793 3.9846 1.9824 6.0992 0.7196 0.1391 0.6396 0.0459 6.3393 0.9769 0.0007 3.5116 0.0062 0.4093 0.0739 0.0171 4.1730 0.5582 1.2389 0.0975 1.8049 0.0003 0.3334 0.7922 1.5507 0.0005 1.8981 2.7956 0.1436 1.6051 0.4003 0.0054 6.4486 4.1529 2.8464 0.4403 0.1221 0.0287 1.3270 3.1024 2.7584 2.4199 5.7060 5.8217 0.0038 0.0407 5.9144 1.2994
5.1961 0.0123 13.4064 2.3402 8.3343 0.1929 9.5139 6.9407 0.4186 0.0021 3.0781 0.2537 1.8409 6.1695 1.4971 5.3071 6.3302 1.8213 0.0232 0.5618 3.3257 1.3506 0.3447 0.1156 1.6352 11.7134 0.4316 5.3540 3.5099 0.0752 1.1848 8.6595 0.0433 4.0338 4.4415 0.1053 3.0550 0.0055 2.1791 2.3293 1.9744 0.3018 3.7539 2.2344 2.4844 0.2650 4.2412 0.1847 2.2736 4.4068 1.2156 4.4494 1.1075 3.2385 1.3537 1.2486 0.1795 1.3921 2.8349 1.9150 3.5421 2.5880 0.6135 3.6952 2.4288 0.1520 1.7019 0.8307 0.1620 2.5558 1.7666 1.0940 0.0036 1.5551 1.4368 4.4424 0.1156 4.2454 2.0775 0.0021 0.0029 0.4841 2.1736 0.1913 1.2160 2.2005 3.1704 0.6263 3.5719
5.2005 0.0121 7.0410 16.4935 6.6488 6.3730 6.8183 0.0044 2.4251 4.2646 0.0382 0.0001 4.5884 0.8269 5.7109 0.0099 0.3048 2.5953 6.9776 0.1184 1.5565 0.2393 3.6847 8.3768 2.9187 0.0017 0.2830 0.0124 0.0000 0.1930 0.0568 6.1592 0.0114 1.5489 1.3665 3.3304 5.3865 3.3955 1.6707 0.7109 2.9166 10.2309 3.6884 1.0685 9.2525 2.9058 1.5703 6.4375 0.8412 3.9986 5.7578 0.3232 5.3351 0.9912 3.0712 3.2246 0.0051 1.3007 1.0775 0.0111 0.0000 5.1480 2.3580 0.0976 4.2807 3.8207 2.4350 0.7035 4.0019 7.0236 6.3182 0.4617 3.8999 2.9685 3.8245 1.4316
5.2005 0.0121 3.2910 4.7794 1.2032 2.7980 16.9332 9.1004 5.8335 14.0384 2.9713 6.6486 5.2397 0.0019 0.0001 7.2711 0.0011 3.0521 1.8535 2.7892 0.1769 1.5405 0.0156 0.0082 0.8099 7.3964 0.0657 8.6496 8.0693 0.3911 0.0213 0.1067 4.6071 4.7892 0.5984 0.0167 2.5018 0.0467 1.5439 0.0003 0.3453 0.3544 0.6538 0.7320 0.9428 0.0273 1.3592 0.0662 1.3769 2.7395 0.5405 0.1221 0.8553 0.0058 0.0202 0.1685 0.2058 0.4355 0.4705 1.7367 0.0029 0.0065 0.5680 1.2154 4.4248 0.3025 0.6297 1.2647 0.0168 2.6141 2.0556 0.2575 4.2064 0.0254 0.1153 3.2695 0.1695
5.2005 0.0121 7.0410 13.0092 2.4501 1.3296 0.0080 2.9352 1.4133 2.2869 0.1471 9.0081 0.0277 3.0329 0.0027 0.0080 0.0005 0.0270 0.0002 0.0076 0.0000 0.8182 5.7304 0.0505 3.0935 0.2234 0.2697 0.0004 2.3558 3.3640 0.0329 5.1751 0.0004 1.7347 0.0009 0.0013 0.0013 0.0567 0.0001 0.0038 0.0008 0.5164 0.0208 0.0016 0.0008 0.8715 5.2669 0.6042 0.6183 0.2727 3.2200 1.5629 0.0011 0.2873 1.4184 2.7687 0.0043 1.4069 0.0069 0.0007 1.7133 1.2421 0.7352 2.2838 2.0891 4.6815 2.9649 2.6393 2.0275 1.9025 2.6722 2.1162 1.3690 3.3586 2.2311 0.2755 0.1015 1.5292 0.1068
5.1961 0.0123 5.0157 5.9222 9.6633 4.2126 7.8803 2.1542 5.1036 0.0062 0.1825 0.7174 4.5434 0.0965 7.1184 9.1043 0.0176 0.0009 0.0718 3.3052 2.0958 7.4850 0.0635 2.3981 0.6694 0.0017 0.0293 0.0146 1.5072 0.0006 0.0609 0.1262 5.0614 0.0237 7.9628 0.8710 2.8224 4.0252 4.1327 0.5427 0.5354 4.6401 0.0025 0.0027 0.0013 0.4422 3.3396 5.1706 6.1833 0.2562 6.0505 0.0673 0.0036 1.4246 1.7223 9.1836 3.0223 2.2247 0.0504 0.2302 2.1524 0.0024 0.7668 0.1109 9.6716 3.8550 0.0249 0.0576 5.6867 1.5762 0.7741 3.0304 0.6886 0.0011 0.2451 0.0185 0.3113 3.8650 6.7381 3.2799 0.0032 0.0019 0.0029 0.0141 1.2061
5.1956 0.0121 14.8595 2.2610 0.1643 2.9067 10.2503 5.0885 0.0013 0.4663 7.9612 5.9959 2.9749 5.7314 0.0493 0.0003 1.6219 0.0011 0.0786 3.2511 4.8801 5.9054 1.3685 1.8061 2.4425 0.5735 7.5041 0.0290 7.2938 4.2148 2.4420 0.0320 0.5262 1.2122 0.2008 4.0658 1.4159 0.6782 2.2631 3.1624 0.0280 1.0293 9.1452 0.4753 0.3238 1.9711 1.7617 6.7392 3.8472 0.0206 0.4779 0.9766 2.3316 7.0743 9.4207 3.3464 6.3047 3.8877 3.1811 1.9572 2.3957 0.4223 2.2506 2.1563 0.0274 2.2573 1.1436 0.5146 2.6621 0.0012 0.2607 2.0254 0.8958 2.5077 4.6063 2.5491 0.0583 2.7054 3.8017 0.7371 1.2988 3.1659 2.0533 0.9531 0.7906 5.1973 1.1439 2.9062 4.6135 1.1799 2.7798 2.1730 6.0514 7.9559 0.0028 0.0668 0.6167 0.0204 4.0527 2.4674 3.5538 0.0560 0.5302 4.2053 3.1926 2.4033 0.0867 6.7067 0.8438 0.0002
5.2005 0.0123 15.5700 0.5887 4.5072 8.0088 4.0510 0.5449 0.0183 0.0426 3.2343 1.2719 0.0488 5.7381 2.2732 4.6847 1.8795 3.9544 2.9981 0.6224 0.9152 3.1302 2.8823 0.8581 0.1334 0.0400 0.2387 7.4728 0.0470 3.9531 0.5811 3.7073 0.0634 1.5404 3.1093 8.3029 0.0472 0.6063 0.6114 0.0023 0.2097 2.4932 3.6515 0.0234 0.7421 0.9979 2.7668 0.2180 0.0006 0.0120 0.3043 0.1717 2.1863 5.9359 2.0764 1.1020 0.0810 0.0225 3.4433 0.4574 1.1483 0.2811 3.0782 0.3393
5.2005 0.0121 5.0410 15.7074 2.0733 0.0068 0.0015 1.5284 0.0937 0.0003 0.0001 0.0375 0.0002 0.0026 5.0299 5.2486 0.6130 0.0154 0.4098 0.0118 0.0418 2.7878 0.3870 0.0002 0.0008 0.2843 6.8494 0.0064 5.5703 0.8039 0.0001 0.0465 4.2198 2.5572 0.0001 0.0872 0.3623 0.4826 9.8827 0.0334 2.3636 1.1105 4.7655 0.2591 5.2984 0.3790 3.0309 5.3160 2.6421 0.0187 1.4508 0.9731 0.4173 0.1498 1.5706 0.4614 0.0110 0.0003 0.0087 1.9831 0.7606 0.0007 0.6652 2.1219 2.2401 0.0914 5.5757 1.5349 0.3150 0.0050 0.0285 0.0004 0.0110 0.1752 0.0000 0.0133 0.4442 3.9578
5.1818 0.0120 3.3378 6.4129 0.7094 8.8458 6.4297 4.7190 2.4787 4.2730 7.6619 0.0043 0.0051 0.5509 3.9912 0.0305 2.0489 1.0507 2.9380 0.3544 0.4294 5.4534 0.2719 0.0001 0.0002 0.3493 0.0519 0.0270 0.5252
5.1726 0.0123 5.0204 13.3888 3.4351 0.7952 6.8329 4.2487 6.2865 0.0386 2.4409 1.2052 4.0829 0.1931 0.0004 0.0001 0.0338 0.5534 0.0056 0.6299 0.0454 0.0792 0.2912 8.3504 0.0270 1.4085 1.0586 8.7359 0.6712 3.4390 4.9263 8.1591 0.3586 0.3959 6.2168 3.8134 2.9559 1.8615 5.2901 6.4148 7.9786 8.5169 0.0365 0.1572 4.9812 0.0042 2.5894 0.8318 2.0977 0.5817 0.6859 0.1417 0.0801 0.5640 0.0227 5.8140 0.0128 0.1147 1.5971 0.1183 0.0012 0.0002 0.0227 1.0158 0.0579 0.4812 0.4894 2.5236 4.9183 0.3830 0.0039 6.6273 0.4076 0.0229 0.0411 7.1087 0.0049 0.2021 0.8778 0.7717 0.7803 8.8926 0.9703 1.6252 0.0639 1.2203 0.0003 0.5842 6.5736 4.1516 0.0094 0.1989 5.2687 1.7188 1.3962 0.0019 0.7321 4.2407 0.0245 9.7190 0.1113 1.0825 0.0027 0.0014 1.7210 0.0008 0.0014 0.4531 6.3927 0.1939 1.7037 0.7922 0.6013 4.4784 0.0159 1.0202 0.0098 0.0750 0.1229 2.0153 3.3232 0.1380 0.0315 5.3322 2.2778 4.4373 4.4269 2.6446 3.0487 1.8434 1.2795 5.4944 2.8942 0.8832 3.5660 2.2506 2.4153 3.0915 5.5148 1.0880 0.4989 0.8557 1.3900 1.6472 9.7791 0.5505 4.3486 2.1663 0.0835 0.0484 0.0005 0.0019 0.4022 0.0068 0.0108 0.0024 0.0011 0.0176 0.0509 0.0006 0.8241 0.0238 0.0094 0.0003 0.1488 4.6474 0.6874 2.0490 0.8576 0.3319 0.3111 1.5201 0.0010 0.7058 0.0776 0.1236 0.1624 0.7344 5.6637 0.5410 0.0320 0.1537 0.0170 0.0393 0.0019 4.1091 3.0810 3.4231 0.8842 2.6682 0.0236 2.6420 2.3959 2.0079 0.0217 0.0048 0.2223 0.8953 0.2310 2.1922 2.2968 4.5598 2.0131 0.5747 0.1906 0.9063 0.0102 0.0018 4.0954 2.2471 0.0160 1.8077 2.1432 0.1846 1.6940 2.7709 3.9623
5.1956 0.0121 7.0314 12.2357 4.2993 8.4074 1.4991 4.6848 0.0138 0.0010 0.0544 4.8941 7.2503 0.9305 1.5461 0.0066 0.1019 3.3342 2.2172 1.3644 0.0891 0.1601 10.8318 0.0396 2.6702 10.4162 0.9063 0.1190 7.4175 3.8198 5.7368 5.1435 3.0182 0.0459 0.7652 6.5308 0.0696 4.7873 0.0018 0.0012 0.3858 1.5961 0.6478 0.0008 0.3664 0.8867 0.0939 0.1821 8.1006 4.8757 1.5606 1.0847 0.2750 0.8238 7.1628 3.7434 3.0533 0.0011 0.0759 4.6450 1.7880 2.2331 0.6721 4.0408 2.0429 2.3587 0.0065 0.0394 4.3586 2.6618 0.3672 0.0360 5.8546 6.2674 0.8552 1.1355 0.0008 0.0185 2.6481 0.7242 6.7317 0.2223 4.4648 0.0012 0.0380 2.5583 1.5180 0.1692 3.6174 3.2545 5.2168 0.8298 0.2673 7.4428 0.1527 3.3842 5.5845 0.5995 2.7864 2.3877 0.0035 0.0002 0.0025 2.1307 0.2988 1.2258 0.8552 5.9430 1.2786 0.0265 0.1459 0.4182 4.0666 3.0212 0.6581 2.7346 6.0432 0.7700 1.5736 4.6471 0.0003 0.7771
5.2089 0.0123 6.6400 9.9748 7.4686 3.8799 0.0114 0.0749 0.0164 1.2244 1.8338 7.7705 3.4081 0.0045 0.2083 7.9766 0.3832 0.0004 3.3623 3.9538 0.1899 0.2608 0.0000 0.2049 8.2153 0.0599 2.3840 1.3158 1.5892 0.0641 4.9351 0.0613 0.0374 0.0516 2.8811 0.0244 2.8307 0.5486 0.0575 0.1559 0.1748 0.0563 0.0013 0.6715
5.1866 0.0121 11.1085 7.5944 8.3005 4.9051 4.1648 1.2398 5.9941 2.7894 5.0200 0.3278 1.8675 0.4265 0.0018 0.3118 0.0009 6.8696 5.3109 10.0992 0.9199 2.0827 2.3843 4.4917 10.3057 2.4188 2.3923 0.4302 2.1141 8.9214 0.0727 3.3143 4.9587 2.2100 5.2049 1.4554 0.0080 0.7048 3.3360 7.6901 1.1877 0.5689 4.0185 0.5208 0.0189 3.8988 6.9871 6.5151 0.8201 0.0519 3.8969 9.9426 1.0522 0.5668 0.0004 4.8552 0.4371 0.3109 0.0018 4.7145 0.1360 3.9488 5.6308 7.6002 3.7688 0.0285 0.0491 0.0039 6.5807 0.8324 0.0001 6.2760 0.0105 4.1224 1.1451 2.4996 3.5912 2.3093 0.1687 1.3339 0.0300 0.8146 3.0364 6.3156 1.7307 5.3831 1.0579 0.7942 1.9637 1.3760 3.6154 0.0114 0.0159 0.0014 2.0424 2.1149 2.6277 2.8211 1.2387 4.1076 0.3115 0.0011 2.7113 0.2259 2.4879 0.9493 0.4767 6.2594 0.9146 0.0961 0.0373 0.9074 2.0029 4.5553 0.0206 3.0633 3.5117 0.2843 2.1212 5.3125 0.0492 3.1600 1.6735 4.5936 2.1035 2.7131 5.9115 0.8265 0.0384 5.3127 2.0571 1.4348 6.9220 0.0174 2.1278 1.2160 2.9486 4.3008 1.2952 2.0665 0.6936 6.1115 3.8060 0.6377 7.6968 1.1784 0.0876 1.9504
5.2005 0.0123 8.9528 13.8129 0.0860 0.0035 0.0091 4.1737 4.0572 1.8763 6.0212 1.9091 0.1105 6.4878 0.3337 0.2736 0.3771 6.3583 0.0567 1.5467 0.2901 0.0040 0.0114 0.0006 1.4126 0.7360 2.5219 1.1106 0.3116 0.0040 0.0010 0.0030 2.8287 0.2962 0.0023 0.1825 1.4882 1.0460 2.8867 1.0337 1.0491 0.7888 0.2688 0.0113 2.7006 0.0799 0.7614 0.0048 0.0012 0.0000 0.0064 0.8365 3.9081 0.0622 0.0643 0.0014 0.0008 0.3303 1.7846 1.8381 0.0001 0.0014 3.2489 0.3539 0.3265
5.1954 0.0120 3.2981 7.0996 10.2812 5.7627 0.0056 0.0014 3.7539 9.1259 1.2643 0.0004 1.2331 2.9470 0.1601 7.2405 1.2857 0.1168 6.2677 3.0883 0.3629 4.8725 0.0180 3.2796 7.1658 5.1595 1.1959 9.6565 0.4100 3.0363 7.1939 6.8569 2.0848 3.7100 1.1096 0.6600 7.1543 7.8415 2.4423 0.6427 0.0115 2.4090 1.4004 1.1776 1.4065 0.6359 1.0558 0.0015 0.0899 2.3185 0.9675 2.2373 0.7491 4.5358 0.2690 3.2139 0.7213 1.1171 1.4510 1.7702 0.8569 5.8244 0.1368 0.4522 0.0266 0.0010 0.0016 0.3192 1.6147 5.2499 0.0107 0.7180 1.0647 4.6960 0.0159 3.6662 0.0371 0.0006 0.0008 0.0005 0.3257 0.3716 0.0046 2.1018 4.4540 5.8342 2.5783 2.4100 5.8501 5.1254 0.3113 1.6174 5.3172 4.2097 2.7553 0.0713 0.8202 5.7470 2.6957 0.3075 0.2329 4.4384 7.4976 2.9956 0.1712 0.2362
5.2005 0.0121 12.0410 5.4040 10.5851 10.1098 10.5841 3.0564 2.5423 1.6691 2.2055 3.5633 5.9278 2.3039 0.0189 4.9447 4.8615 3.1388 4.9316 2.8084 4.2434 6.2656 4.9877 7.7686 5.1153 4.5077 0.9568 3.2198 1.2029 7.6453 0.8837 0.0869 3.6294 0.1897 0.5504 4.8000 0.1027 0.0255 0.4745 7.4095 0.1220 6.1237 1.3823 0.4873 1.9005 4.3162 0.7048 0.1264 0.8106 5.0079 0.0521 1.1664 5.0531 2.7514 4.3245 0.9487 3.3814 11.3190 2.2144 7.0391 7.2156 1.6111 3.7544 0.0773 0.0667 4.8625 1.5808 6.7838 0.4080 2.4168 2.4477 8.3755 3.8165 3.5205 5.9434 0.6999
5.1958 0.0120 16.2768 7.9497 3.6564 0.4134 0.0249 4.0179 0.0137 0.0006 3.0374 0.0084 0.0289 2.9297 11.0623 1.1616 1.2002 1.2779 6.0794 0.5235 4.0222 1.0795 4.5850 4.2648 0.2987 1.4326 0.9660 0.0012 0.1812 0.0339 0.4492 9.3924 0.0794 3.4152 1.6521 2.7848 7.3850 4.1958 3.8507 0.4640 4.5071 1.3594 8.7826 5.0002 0.0463 0.5789 2.3494 0.3757 5.3423 0.0399 0.0112 0.0039 0.0771 0.0015 0.0020 1.0845 7.9166 1.1642 0.4749 1.5495 4.9368 0.1145 1.6322 2.3873 2.8419 1.6709 0.7465 8.6926 2.6230 7.0959 0.0981 0.0011 0.0260 2.8211 1.7326 0.2549 0.0778 0.8857 1.7124 1.2555 2.2758 0.0157 0.0131 0.7529 1.8048 0.0222 2.2365 1.6567 2.3384 0.0325 0.5539 5.2513 8.4454 7.5258 0.1799 6.1609 0.2531
5.2005 0.0121 5.9160 7.7562 7.7396 3.4718 4.2061 0.0261 1.8571 0.0422 0.0000 0.0015 3.2247 3.3304 0.0342 0.1735 1.3882 0.0003 0.0051 0.5599 0.0025 0.0001 0.0006 2.4553 7.7139 0.7961 0.3303 0.2230 0.3251 0.0001 4.6267 0.5125 0.8345 1.4644 0.0880 0.0217 0.0636 7.8654 0.0519 4.9061 0.0249 0.0229 0.0001 0.0005 3.0408 1.9547 3.9208 2.7828 5.3440 5.9947 0.5246 5.4985 0.0107 3.3236 1.7093 0.0207 0.0015 1.2613 3.3094 2.3852 0.6220 0.3707 0.1698 0.0192 0.5454 8.9406 0.4410 0.4202 3.4948 4.6993 8.4381 0.9950 1.9011 6.6028 0.5822 3.6279 9.2347 0.0710 2.2183 0.0284 0.2458
5.2090 0.0123 15.0110 4.7058 2.0347 5.6199 3.5357 3.0786 0.0039 0.0327 0.0043 3.5584 3.5811 3.4217 3.9886 0.0258 1.4446 0.0063 1.1705 0.0557 5.3787 0.0283 2.9292 5.6840 0.0244 0.1614 3.4989 2.7727 0.9917 0.3548 1.8280 0.8948 3.0236 1.0058 3.2739 2.9114 0.3200 0.0201 0.2703 0.0004 7.1852 3.3015 2.2032 1.5672 0.0359 2.3104 0.7710 3.1873 4.4759 0.5333 1.0737 0.3823 4.5207 3.6506 0.5510 0.2226 5.8303 1.0726 1.1480 0.5835 2.7308 3.0990 0.4090
5.1961 0.0123 3.3282 12.1937 10.7496 8.0928 1.9567 0.0491 0.0012 0.0109 0.2304 0.2075 1.4947 5.0355 0.5917 8.3166 0.0346 5.3767 0.0165 1.9585 6.8715 2.6558 0.9084 0.4957 0.2619 2.8809 3.1482 0.7074 0.0272 0.0816 0.0053 0.0010 0.0254 0.0157 0.0326 0.8351 3.4111 0.3183 5.1493 0.0280 0.1071 4.0502 1.7400 0.8998 5.5073 0.4100 0.0129 0.0200 3.4802 8.5005 0.1811 0.0069 0.4914 1.7046 1.3120 2.5814 0.0111 0.4514 1.7010 1.4547 0.4620 2.8975 0.2203 3.1618 1.1525 0.1239 5.9400 2.7324 4.3707 0.0010 0.6008 1.4958 1.3891 0.6042 0.0031 0.0004 0.0086 0.3398 8.5003 0.1189 2.7787 1.3393 1.1859
5.1794 0.0121 3.2593 17.0259 4.4693 1.1717 0.0071 2.4233 0.0117 0.0035 0.0796 0.0007 1.7824 0.1586 0.0009 0.0006 0.0078 5.3640 1.3989 0.0002 0.3157 4.2641 0.0003 0.0008 0.0003 0.4804 0.0042 0.0002 0.0003 0.0006 0.3384 5.3207 0.0217 2.4505 3.1271 0.1871 0.1942 3.2726 2.7401 2.5589 1.5317 6.3609 4.1363 2.5950 3.1710 1.0059 6.3845 5.0964 1.1334 5.0642 4.2164 2.7798 5.0966 5.1023 0.0073 3.2981
5.1816 0.0124 14.8881 1.0562 7.8611 4.0415 0.1763 7.1578 0.0633 4.3707 0.3471 1.9832 6.4433 4.2482 0.5180 3.1190 0.3630 0.1035 6.0997 0.0472 3.3628 2.7266 4.6833 1.2305 2.1442 6.1688 0.2355 0.5383 3.3482 0.0051 0.0326 0.0059 0.0009 0.0045 0.0042 0.1834 0.0001 1.3821 3.6840 0.0149 1.1339 1.9142 0.4683 4.8993 1.7468 0.2676 0.0132 6.3645 3.3356 1.1635 0.7091 5.2534 4.0809 3.3610 0.7874 0.0901 0.0010 0.6125 1.7073 2.2087 1.7381
5.2005 0.0121 3.2910 7.0919 10.5348 4.7046 4.7605 1.6594 0.0007 0.0003 0.0052 1.0433 6.8425 4.5798 0.0521 5.9274 0.0556 0.0011 0.0434 0.0004 0.8172 0.1203 4.2850 0.0299 4.2645 0.9716 2.4124 0.0259 0.4451 3.6621 0.0945 0.0854 0.9938 0.0003 0.0010 0.0831 1.3304 0.7972 0.0093 0.0018 0.4658 0.0087 0.0004 0.0072 0.0001 0.0431 0.2719 6.7853 1.5583 1.1038 2.6624 4.8959 1.2512 1.6810 0.0190 0.0015 0.0306 0.0010 4.6565 2.4587 2.4011 0.9158 2.7573 1.0379 3.3595 1.6871 0.7075 3.9323 0.0119 0.0036 0.0715 0.0007 1.0589 5.5358 0.0036 0.0010 0.4851 3.8696
5.1961 0.0123 5.0157 16.0794 0.2693 0.0611 3.9233 3.1522 8.5117 1.3481 0.0308 1.0191 0.9216 1.8710 2.3295 6.0012 3.3737 0.8457 1.9333 3.1319 0.0781 0.0068 0.0585 0.1201 8.2694 0.0307 1.6766 0.8175 8.6475 0.2878 6.0503 0.0310 7.3055 6.5654 6.5878 0.2077 1.0194 7.2224 0.2010 3.9860 4.0038 3.6597 3.2046 1.8869 0.0831 0.0030 4.5356 4.7287 0.0002 0.7144 0.7594 2.5693 2.9627 3.0886 0.4436 2.0594 1.6803 4.0543 0.0005 2.9572 4.2193 0.1043 0.0005 0.0011 2.7628 0.0415 1.5753 3.8444 1.4105 5.6937 0.9319 0.0002 0.2856 0.0301 0.0428 1.9082 6.1623 2.5512 5.8468 5.2755 0.2385 0.3925 4.7451 0.0669 0.0015 0.0019 1.2039 0.0052 0.7164
5.1866 0.0121 11.8273 6.5669 0.3950 0.0012 2.2646 7.7422 4.5520 0.7646 5.2476 4.5078 0.0297 0.0403 3.4910 0.0671 7.4404 1.5374 2.1044 5.7281 0.0647 0.0769 0.0013 3.4032 9.6663 3.1915 0.0030 0.7768 0.0023 0.0097 0.0360 4.6296 4.1856 1.2874 2.2596 0.0153 3.6496 0.0052 0.3796 0.6339 2.9311 2.0377 0.8468 0.0083 0.1657 7.3930 0.4655 0.0041 0.3619 4.7004 1.1553 1.3436 0.0967 0.0187 0.2824 0.2030 1.8410 1.1612 8.7603 0.0565 3.7090 3.3275 5.4335 2.0279 0.0236 0.0006 0.0129 0.1008 4.5623 8.3957 0.6637 1.6244 2.1261 5.0478 2.4654 4.3834 1.0967 4.5218 1.8013 1.9575 2.0134 10.4360 5.8636 6.6927 0.2955 6.0272 4.8030 4.5926 0.6708 8.3739 3.1736 0.0036 0.0053 2.0848 5.9571 0.0079 0.0349 5.7040 3.3281 6.1471 2.7479 0.0006 0.0584 4.2635 0.1029 0.1634 0.6586 0.5713 0.0105 5.2297 4.2371 8.6055 3.7623 5.9204 0.8624 0.3191 0.0292 0.8843 1.6035 0.0176 1.8436 0.9043 2.1793 1.9503 0.3669 4.8673 0.0446 0.1309 3.7956 0.5091 0.0237 0.1387 0.9463 0.0040 0.2289 3.6134 6.1736 0.0244 0.4363 7.8059 6.6600 8.2469 0.4695 0.3977
5.1958 0.0120 9.7338 2.0718 9.1721 1.9751 5.5810 0.3324 3.1357 1.1724 6.6113 2.4771 0.0396 0.0001 4.5678 0.7415 10.3463 0.5029 1.0334 0.0433 4.7002 0.7378 5.4638 3.0050 0.5893 0.1275 0.0005 0.3677 1.8172 0.0934 8.6761 0.0285 1.2939 0.5496 10.6571 6.0930 6.2655 2.2372 1.3586 0.1259 2.8611 5.6074 7.2199 0.7632 0.7097 0.3210 5.5198 5.0780 0.8023 4.9952 2.6407 0.0004 0.0001 5.7346 1.6377 0.1008 0.0063 5.7532 1.8343 1.4155 0.7358 3.6114 2.8807 0.0285 0.6883 4.5902 4.7077 0.6180 0.0109 0.3340 0.0270 1.0374 1.2860 3.9057 1.8265 2.9994 2.2242 0.2106 3.7931 1.3101 0.0021 0.0004 0.6323 0.0259 0.0336 0.0018 2.5796 1.9659 2.8700 3.4930 4.5598 0.2097 0.7280 0.0021 0.6032
5.2005 0.0121 3.2910 17.4435 0.9058 3.5997 0.0145 6.6712 3.1486 0.6919 0.0026 0.0447 0.0149 0.0025 9.1735 1.8475 0.2626 2.4627 0.3505 5.7218 0.0218 0.9376 0.7578 8.4233 4.1499 0.0005 0.2812 0.5105 0.0238 5.9120 0.0381 1.2543 0.3636 0.0313 0.0015 0.0123 0.0114 0.0016 3.9307 2.7841 2.4482 0.0233 2.1970 2.7682 2.1393 1.7886 6.5240 5.8608 0.1960 1.3157 0.6648 0.0022 0.7316 0.0002 0.0047 0.1528 3.3341 1.6461 0.6572 2.1073 2.4312 2.2439 3.6377 0.7861 8.1888 0.1962 2.6483 0.0033 0.0620 1.7957 0.0345 0.2539 0.2091 0.0220 0.0023 0.0138 0.0124 0.0023 5.6933 1.2700 0.1388 0.0646 1.6725 5.1997 1.4423 0.1001 1.7517 1.4060 3.3168 0.1252 0.0945 0.0441 0.5716 4.9498 0.5691 0.0008 1.0555 2.0040 0.0090 0.0512 0.0184 1.2804 3.2554 3.0439 0.0236 1.2591 2.3657 2.2869 2.2283 0.2023 2.3806 0.3815 4.6544 0.3410 0.9395 0.0169 2.2216 0.4201 0.1262 0.0150 0.0012 0.0082 0.0096 0.0015
5.2005 0.0121 3.2910 16.7814 1.6579 6.8367 3.0507 3.1993 1.1061 6.5036 0.1162 0.5970 9.2834 5.8318 0.0111 0.0888 9.2424 1.8096 5.1611 0.0382 3.6417 0.1823 0.0344 0.2653 0.0025 0.0290 0.0024 0.1601 7.7535 0.0283 3.3837 5.6787 1.7866 0.0493 0.0013 0.0955 4.3396 8.9963 4.0767 0.2623 1.6041 0.0685 0.4615 0.7180 6.9147 0.7462 1.9229 2.5567 0.0050 0.0029 1.4736 3.7741 0.1020 3.1952 1.5073 5.5452 0.0203 2.4626 0.1283 0.0034 0.0380 4.6958 4.2260 3.0311 2.5461 0.8835 0.5774 0.0028 0.0004 1.6020 6.9268 0.0321
5.2090 0.0121 8.1453 9.8774 4.3722 6.1915 4.4660 0.0100 4.1009 6.5107 0.0023 5.3107 3.6514 0.0041 1.1634 0.1433 6.3853 0.0259 1.3895 1.5008 6.0796 3.8089 2.3729 0.2655 0.3094 0.7545 1.8602 0.8368 1.4065 2.9539 1.3784 3.6954 0.0400 1.1265 2.6892 1.4225 0.0025 0.4996
5.1985 0.0124 4.9972 12.5792 5.7359 6.1040 6.5995 0.0242 6.7426 1.9512 5.8582 3.5577 0.9914 0.3391 7.3817 0.0304 1.6307 1.4635 4.2089 3.0828 1.9488 5.1761 0.5109 0.2957 10.8837 0.2179 6.0790 0.0027 0.0904 3.4098 0.4919 0.0204
5.1961 0.0123 3.3282 15.7757 1.1682 8.3500 1.8460 3.0719 2.3350 1.6824 0.0120 9.4745 10.9615 5.2772 0.6686 7.4657 0.0244 3.1855 1.2860 2.1611 4.6597 2.8850 4.4669 1.8538 3.1216 0.4096 0.7414 0.8608 0.7594 0.0656 7.8498 4.6163 0.8484 8.4747 0.1364 1.1806 3.4903 1.0513 6.2296 2.8980 5.4296 2.5138 1.5558 1.4630 1.6909 0.3865 1.8820 0.7567 3.8920 0.7658 4.5950 2.5576 1.0924 0.5263 0.1671 0.4594 6.6990 2.9991 3.9364 2.4752 2.1533 3.5765 1.7085 0.5926 3.6660 1.6301 0.0046 0.0393 4.5478 2.1611 1.0231 2.9460 0.1248 0.3233 1.5671 3.2342 0.1218 0.8176 2.9832 0.0499 0.4671 6.1147 2.0025 3.9606 0.0062 3.5935 0.5509 0.1139 2.2364
5.2090 0.0121 6.5828 13.6084 6.7999 4.3516 0.2418 1.2018 0.0381 5.7609 0.7318 0.0578 1.2219 4.1351 2.7238 1.1470 5.0953 1.6863 0.0324 3.4849 0.0012 5.0229 0.1302 0.0011 0.3226 3.9271 4.1462 0.0662 4.9292 0.2336 9.3858 0.0407 6.7047 16.2247 2.7723 2.4644 0.1280 5.8375 3.1935
5.1658 0.0120 8.1212 9.5506 4.0724 0.0231 12.3652 1.3308 0.0039 0.0014 0.0135 0.0039 6.3945 3.8030 1.8107 1.2599 0.1685 7.6190 0.0558 0.0113 0.1624 7.1144 0.0369 3.9537 0.0027 7.2246 0.0347 0.0011 3.7453 0.1189 0.0048 0.0002 0.0093 0.0149 4.3037 2.2404 0.8864 0.5373 0.4249 0.3001 0.0813 0.0507 0.0034 0.0046 1.7551 5.8163 5.5591 1.7232 0.1766 3.8914 1.0902 0.4360
5.2005 0.0123 5.0153 5.8604 9.2403 4.8813 0.0314 5.7147 0.2642 3.0932 6.2256 2.0272 5.1601 1.2682 0.1978 6.7502 4.1554 0.0080 0.5072 4.3222 0.0378 0.1419 4.5679 0.0377 0.5725 2.2095 0.0019 0.0018 0.0009 0.0765 0.0477 1.0913 0.2312 0.5570 8.3688 0.0459 1.8055 6.7077 0.0481 1.2898 0.0039 0.4756 1.7651 0.9175 1.4800 0.5949 0.5775 0.0001 1.7191 0.0221 0.0055 0.6669 0.0144 6.9698 2.6531 1.3138 3.1215 0.0025 1.8946 0.0273 1.2194 0.8667 1.7496 1.6833 2.3108
5.1961 0.0123 8.1407 2.4625 10.4894 1.5323 5.2652 4.8716 0.0121 1.4944 0.0008 1.6165 2.1204 4.2582 0.8503 0.6904 0.0003 0.0003 0.0005 0.0147 0.0002 2.4374 0.0016 7.0713 1.5747 2.6062 0.0147 2.1430 0.1137 0.5479 6.5008 0.0237 1.7354 1.4281 3.7400 1.3189 2.9152 0.8874 0.8561 9.3238 3.4352 0.0038 1.4806 1.4124 8.0025 2.6912 4.3101 0.6521 0.5335 3.3134 0.0729 1.5208 0.4846 1.0724 0.3577 0.0030 0.0000 6.7583 5.3825 0.0174 0.0139 6.8994 0.0072 1.7695 3.9199 0.0268 2.8697 1.8688 4.1386 3.5199 0.7079 4.2962 3.7614 0.0062 1.4523 0.1140 0.0147 2.1198 0.0056 0.2548 6.7709 2.1726
5.1866 0.0121 5.0148 15.7008 0.1367 0.0148 0.1813 0.0073 2.3641 0.0093 0.0015 0.0003 0.0033 0.0011 5.4684 5.0945 0.3091 2.4199 12.0553 0.0638 0.7941 0.0137 5.8062 5.8721 1.9457 8.2176 0.0463 7.1503 1.8182 3.6766 0.1726 0.4857 0.8734 0.0019 0.0021 0.0019 4.1426 7.5983 5.2908 0.0151 2.9377 1.2115 0.2044 0.0102 0.0013 0.0072 0.0030 0.0447 0.0024 0.0029 0.0005 0.0012 0.0042 0.6908 3.5333 0.0481 4.6277 4.5554 0.0225 0.0793 0.1293 0.0007 0.0026 0.0020 2.3510 1.8250 2.6471 5.1832 1.5524 7.1312 2.1501 0.0023 0.8116 2.0155 1.2906 1.2017 1.4403 0.2148 7.4351 0.4778 2.6574 1.4272 5.3390 3.4418 2.0429 1.5457 1.7632 0.0588 2.2622 0.0152 0.0020 0.0166 0.0005 0.0007 0.0003 1.1045 5.1219 1.6887 2.5133 0.0112 5.5737 0.0449 3.9453 0.2079 2.9844 0.4809 4.1552 0.5470 0.0526 5.7256 0.0055 2.1983 1.0651 2.8177 0.1706 0.0070 0.0017 0.0500 0.0026 0.1145 3.2430 0.0059 0.0075 0.5348 0.0064 0.8852 3.6137 11.0671 0.0008 0.0064 0.0019 6.1763 0.2818 0.0034 1.0905 0.3260 4.3036 0.8396 4.0520 0.0418 5.6945 4.8057 0.5287 1.1445
5.1958 0.0120 7.0775 8.5330 3.7613 3.4655 6.1079 0.2165 4.6234 2.0708 0.0070 0.0043 0.5971 5.4109 0.0160 1.1602 0.9151 1.1893 0.0004 0.0016 0.0774 0.0006 0.5208 0.1640 0.0068 0.0007 5.4615 3.8377 4.3689 2.0042 2.0634 9.0508 1.0137 0.9299 2.8371 7.8006 0.0613 0.4822 0.0014 0.0036 1.7942 3.3775 0.0002 0.0051 0.0018 1.6688 0.0133 1.0730 1.5145 0.0003 0.2547 5.6338 0.9599 0.0552 3.7967 0.0000 0.0029 0.0014 0.5390 0.0057 2.1414 0.5595 0.0298 0.0000 4.1279 3.3856 1.8296 3.2071 0.5439 0.8632 4.5960 2.2676 0.0517 1.5026 0.7367 0.1987 0.6930 0.0343 3.0627 3.9403 0.0766 0.1029 0.8269 2.0402 5.4961 2.0169 1.6965 0.0007 1.8194 4.7212 0.4540 6.5518 3.5342 0.9397 2.2015 1.5119 4.6331 0.0083 0.2688
5.1774 0.0120 14.1865 1.0248 4.1763 3.7964 0.0063 0.0082 9.5151 1.4934 0.1779 2.8012 0.1521 3.9474 4.0570 1.5563 10.1236 0.0216 0.1420 0.3034 4.4423 2.9861 0.5463 0.4364 4.8865 0.0570 0.2403 10.2918 0.1560 3.4239 8.9471 9.0012 0.0914 0.0989 0.8841 0.1386 0.0912 0.0013 1.9375 2.9426 2.0112 0.2203 0.0077 0.6572 0.8733 2.1635 2.3443 2.3627 0.2882 0.9310 0.0084 0.0300 1.7019 0.5467 6.5558 6.1803 3.9325 1.4713 0.3340 7.3368 1.4860 0.9685 2.5401 0.7294 6.2938 3.7557 2.0579 1.7957 3.3302 9.4897 3.2342 4.4948 4.1905 6.8699 0.0410 0.0001 1.8201 1.0090 4.8312 2.3776 5.3477 1.3443 8.7434 1.9225 3.9925 2.6083 0.7695 3.8862 3.4453 4.6960 5.4687 0.5681 0.0006 7.3115 0.6342 3.0616 6.3180 2.3019 2.1227 1.8344 0.6882 5.6817 0.1252 1.4893 1.2874 3.0260 7.7729 3.6483 0.0074 7.3821 7.0109 1.5314 2.9389 0.6681 4.6793 2.8973 5.4276 1.1898 1.4340 1.7331 6.6183 5.2403 0.0243 0.0038 1.0426 1.5853 4.3470 1.8770 1.0752
5.2005 0.0121 13.8848 2.8427 0.0120 0.0020 1.1610 3.3495 2.6328 2.0067 1.5766 3.2152 1.3148 2.0144 2.7983 2.0719 0.1380 0.1228 8.1714 0.1480 2.6192 1.3109 3.7754 3.7288 0.1397 0.0085 3.0312 4.1209 0.1344 2.1039 0.0272 0.0497 4.1807 0.4462 2.7518 2.4853 5.0188 1.1579 0.0310 2.3520 4.6630 2.4602 2.3840 2.0151 0.2489 5.5409 0.0071 0.0079 0.4486 2.7830 2.8216 2.0168 0.9221 0.7075 1.1650 0.0682 0.4840 0.0010 0.0000 0.0002 0.1613 0.3172 0.5237 0.1988 1.5477 0.3448
5.1794 0.0121 3.2593 16.1392 1.8732 3.7550 1.8870 4.8374 9.5555 0.3694 2.1719 1.2643 2.9685 0.0042 4.0975 2.2653 4.9534 1.5695 2.8104 0.0096 0.5584 1.0151 7.1857 0.0570 2.9557 0.0451 0.1362 0.7886 4.4944 1.1722 2.3502 0.7824 0.0012 0.1760 1.1427 3.7871 0.4107 0.0021 0.9168 3.3782 4.3158 4.3809 0.4632 0.1722 5.3166 3.0806 0.0003 0.9557 0.2485 1.6696 0.5282 0.1891 5.9135 1.5149 1.7468 0.0013 4.5726 1.8480
5.2090 0.0123 14.2922 11.6825 7.4380 2.6752 0.0057 1.5630 10.8883 6.4877 0.9968 0.0122 0.0003 1.2856 3.5101 3.3921 3.5908 3.5141 0.0148 9.9634 0.1515 5.8477 5.0979 4.9080 0.0016 0.0002 0.2871 5.4568 0.0376 1.3127 0.9228 9.4703 2.5299 0.8615 0.3272 4.3431 0.1877 0.0073 0.0001 4.2012 1.3158 2.3603 2.0699 4.2745 2.8234 0.0005 6.6861 2.6030 6.5516 1.5588 3.4442 1.9091 3.2014 2.7341 3.5774 1.2677 0.7039 5.6345 2.2151 4.2474 3.2347 0.3366 0.9276
5.1958 0.0120 15.8432 7.7997 0.2970 0.0082 2.8620 4.5402 6.0341 3.3116 1.6636 0.2771 5.6098 0.0498 4.8239 1.1151 0.3974 4.4848 1.7937 0.0006 0.0319 0.0008 0.4710 1.6324 2.7682 0.6344 0.0223 0.1082 1.4756 4.2907 3.8020 0.3854 0.1448 1.4492 0.3009 2.7863 0.2088 0.3109 4.4191 0.1105 0.6975 0.9452 4.1641 4.1353 0.8440 2.1288 2.8373 3.4965 0.8833 1.8736 0.1520 1.8491 2.5132 4.7324 0.2233 2.4818 0.0779 0.0736 0.0005 0.0021 0.0001 0.7091 3.6882 3.1601 0.0071 0.0031 0.9661 2.1953 5.0073 0.4350 0.3020 1.6357 0.0120 0.0005 1.6205 5.9820 2.1192 0.1404 3.6182 1.0398 0.8003 1.1748 1.2574 0.0008 0.0221 1.3413 1.8512 0.0072 0.2276 0.0068 0.0663 0.0874
5.2005 0.0121 5.0410 14.0531 8.9060 0.9345 2.1934 1.7061 2.7309 0.0010 0.0621 2.9756 4.2680 3.1130 2.6274 3.9860 0.2067 2.2586 8.0619 0.0487 0.0003 0.0188 0.0015 0.0004 0.0021 0.4877 8.9268 0.0533 2.5920 2.9857 0.5874 1.5928 0.5484 8.9995 9.3448 0.5460 3.5005 1.7360 0.0670 1.1024 2.6128 1.4441 0.7139 1.5873 2.8093 1.4515 0.0002 0.0006 0.6155 9.7429 0.5350 0.0031 0.0047 0.0384 3.5357 2.5077 9.5795 3.1423 1.3840 0.1209 1.1951 5.4901 4.7032 1.2830 2.8921 3.8958 0.0259 1.0768 2.4391 0.0394 0.0085 0.0167 0.0012 0.9090 1.5141 0.1713 8.4227
5.2090 0.0121 5.0203 15.7094 4.9588 9.0164 1.0549 3.4132 1.6037 7.2188 0.3029 9.3822 3.4888 1.3683 5.5047 0.0131 2.2024 7.0113 2.6113 5.0000 1.6976 3.4419 0.4040 5.1151 5.6282 0.0143 0.2808 4.1446 1.4100 0.6111 2.0528 1.3509 0.0734 0.1813 0.0946 0.0002 0.5587
5.2005 0.0123 3.2653 15.8262 5.4607 3.1986 0.1352 4.2151 0.0071 2.6551 9.2090 0.2500 0.0014 0.0000 2.5449 0.0016 0.0176 1.4902 0.6692 7.6087 0.0524 3.0683 2.4956 0.0872 1.7609 0.0091 0.0007 0.5066 0.0129 0.0050 0.0000 0.5228 0.0015 0.0081 0.4165 2.4818 2.0718 0.0049 0.3687 3.1474 0.0140 0.0007 1.6031 0.4370 0.8124 1.2348 0.0233 2.7882 3.7800 0.2977 3.3285 0.0036 4.4277 1.4116 2.8382 0.7634 3.9855 8.4409 0.1608 0.3894 0.0148 1.1668 1.5917 4.6284 0.4054
5.1956 0.0121 8.9064 6.5904 0.0342 10.8894 4.2985 3.5634 9.7294 2.1565 1.9923 0.0237 2.5078 5.9476 1.4995 1.5293 4.4492 0.7218 5.2239 2.2772 7.5012 2.9744 2.3263 3.5411 0.0648 0.2653 0.0194 0.3668 9.7684 0.0562 7.2289 3.7878 8.7276 4.3559 0.0145 0.0349 1.6024 6.5331 2.2744 6.8003 0.2545 5.7002 1.2053 3.7449 0.2043 8.5236 0.3467 2.8939 1.5491 4.0301 2.8459 1.1978 3.9759 0.0886 2.0324 1.6595 3.8990 1.2951 2.1085 4.0042 0.3190 0.0943 0.8192 3.0216 4.4491 1.6001 0.0676 0.0008 0.7641 0.1207 0.0623 0.9060 0.0454 0.0022 1.8478 7.6531 1.9069 4.1188 0.8582 4.3461 2.6174 0.0063 0.8308 0.3352 0.0117 0.0011 0.0005 0.0008 0.0028 0.0124 0.0053 0.0002 0.0011 0.0020 0.0017 0.0458 0.1009 3.3265 0.0017 0.0322 0.0021 0.0818 1.4800 4.0359 6.6253 0.5070 0.2402 0.4848 0.0040 0.3294 2.6269 0.3383 4.3939 4.8088 1.3873 5.6335 2.8530 0.3766 1.8208 0.7727 2.0026
5.2089 0.0123 12.1087 6.6812 9.7114 0.0511 3.2471 0.0415 0.1669 0.0093 6.9552 0.0010 0.4362 0.0017 1.7448 3.1378 0.2484 2.5697 0.3987 6.8885 0.0523 10.4454 1.8004 3.1191 5.2972 8.5770 14.3324 0.0324 0.0161 0.0638 0.0041 5.8743 1.1475 0.0036 0.8730 0.0004 3.2966 8.1136 0.0649 0.1824 3.9479 7.5660 1.3606
5.1658 0.0120 6.6212 11.0412 2.5793 2.3294 0.7604 8.0436 6.8183 0.0138 2.0110 0.0008 0.2699 0.2293 6.2894 0.0357 7.7715 1.1856 2.3578 0.4154 1.9088 7.8221 0.0499 0.0026 0.2910 6.7513 0.8624 0.0680 1.4009 0.2690 7.2600 0.1667 0.0326 0.5250 5.1252 0.9118 0.3311 5.3687 2.4558 0.1441 2.1046 2.4601 1.1978 1.9167 2.5074 0.0018 0.5259 0.5996 1.8582 0.0385 3.4572 7.7267 1.7477
5.2090 0.0123 5.0110 5.8604 9.0181 6.3398 0.0072 1.0563 5.5433 2.0896 0.1344 0.0016 1.0152 6.0739 0.0444 1.6067 0.8686 6.1640 0.0943 3.7293 4.9424 5.4847 1.1050 5.3920 3.1757 3.9229 0.0064 3.5251 0.0035 3.4744 2.1317 5.5692 0.1625 1.3447 0.1069 1.0206 2.0020 1.6837 0.0049 2.8139 0.3891 0.4532 7.0364 1.0163 0.2523 5.2080 3.6574 2.0428 0.0438 6.9550 1.3175 0.6357 2.2300 0.0101 2.5394 0.0137 6.8040 0.9581 0.2780 3.4875 0.0123 3.0757 0.0120
5.2089 0.0123 7.0150 10.6824 5.0335 0.0206 6.1733 0.5239 1.1507 6.3873 0.0098 0.0553 0.0001 0.0010 0.0017 1.4328 1.4762 0.0001 0.0893 0.0007 0.0235 0.0014 0.2217 0.0002 0.4944 0.4589 7.1221 0.0404 2.1663 0.5699 7.1692 2.6074 5.1351 10.5806 0.7914 1.9010 0.0274 6.9849 7.4464 1.7443 4.2091 1.0709 0.3330
5.1961 0.0123 12.0470 5.5542 1.5123 1.1282 5.6423 2.2361 5.8212 6.2567 10.0045 2.0259 0.0042 0.0094 5.7470 5.5234 0.5116 7.3866 0.0107 2.3029 0.8281 7.1223 0.0849 0.2367 0.0032 0.9630 0.1851 5.7486 0.0518 2.6098 4.5160 3.5997 3.4356 6.1893 0.0063 8.9401 1.8824 1.6668 3.5855 1.0967 5.3867 0.0793 6.9214 0.2561 5.7579 0.1468 5.0345 8.7764 0.0152 0.0054 1.4314 0.1106 6.2067 0.0108 2.7408 4.3350 4.6358 1.7774 2.6278 2.5275 2.3720 2.5549 6.4409 8.5459 5.9730 8.5843 7.3755 3.6099 4.4769 0.2830 0.7380 4.3099 1.1601 3.4427 2.2567 2.8229 8.3811 1.5474 6.0213 5.9857 1.4539 0.4134 6.1398
5.1808 0.0120 3.3012 16.8584 5.7391 0.0605 0.0009 0.0003 4.0420 2.7915 0.8678 0.1416 1.1058 0.0005 0.0046 0.5115 2.4519 5.2429 0.0247 2.1363
5.1954 0.0120 3.2981 5.9746 3.6808 0.3131 7.6730 1.2514 7.3077 6.8360 1.5029 0.6698 0.8746 0.3785 5.5973 0.0003 1.3914 1.6157 0.0056 0.0029 0.0008 10.2899 0.0149 0.0969 1.9291 0.8037 0.0299 0.0077 0.0023 0.0000 2.0072 0.5746 0.1227 1.4619 0.0568 0.3631 0.0319 0.0096 0.0030 0.0073 0.0006 9.0524 1.3344 0.0018 1.0412 0.0162 0.0186 0.0032 0.1499 4.5055 0.0207 7.0366 2.8029 2.0206 0.0012 0.0728 3.4578 0.1793 0.1135 2.1754 0.8186 7.1304 0.0634 0.4436 5.3440 9.1526 0.7669 0.5400 0.0063 1.8860 3.3116 0.1257 0.0169 0.0050 0.0348 0.1110 0.0038 0.1046 0.0014 0.0094 2.1037 1.7621 0.0461 0.0015 1.6217 0.3985 1.1333 0.3414 6.5826 7.3218 0.7616 0.3728 4.8127 1.3853 2.7468 1.6052 0.0012 0.0476 2.2301 0.0136 0.0021 0.2411 0.0401 2.3170 1.1753 2.8859 0.4711
5.1794 0.0121 5.0093 13.6392 6.7147 1.6845 4.1397 3.7698 4.2168 1.7111 0.0003 0.8253 0.2084 3.1745 1.0245 1.6795 0.0226 1.4460 2.3797 5.4836 0.0029 0.3381 4.9400 0.0259 7.1240 0.4097 0.1505 1.7901 3.4773 1.6499 2.6169 0.0001 0.6548 1.5770 1.3656 3.8109 2.7619 0.8071 0.7283 1.1835 0.0747 0.0249 2.2484 1.3336 2.9182 0.0282 3.4339 1.0875 1.3136 0.8344 1.2695 0.8522 1.3135 2.2393 1.8892 2.2126 2.5627
5.1818 0.0120 6.5878 12.6272 10.5041 1.0997 5.5560 0.0931 1.3685 3.9545 2.2171 1.6953 3.2165 1.9327 12.1275 4.2635 0.3434 2.0656 8.1822 0.0344 9.5236 6.0038 1.5083 4.5679 0.0062 2.7359 4.2436 0.2931 0.7235 0.5559
5.1794 0.0121 5.0093 12.1235 4.0583 0.0107 4.0770 0.3306 0.0002 3.6089 0.0013 0.2644 7.5379 3.9984 0.0422 0.0624 2.2442 0.5262 0.1162 6.4404 0.0293 3.2094 3.2193 1.3136 7.4338 7.9507 2.2726 0.0050 2.1393 6.0889 3.2082 0.0032 0.0030 0.3765 4.3508 3.6374 1.5039 0.6182 0.0393 0.0043 0.2326 0.1204 8.8158 0.2626 0.0685 0.0008 1.0547 1.0661 0.7712 0.0057 2.2009 0.2848 0.2872 0.1322 5.2002 0.5832 1.9251 1.5729
5.1794 0.0121 5.0093 15.7593 2.7657 0.0025 0.0014 3.9521 0.6346 6.1165 0.0962 15.2526 0.1956 1.0776 0.0040 0.0290 0.0622 0.9357 0.3218 4.1966 0.0866 0.0731 0.3409 6.4057 0.0441 2.0457 8.1001 4.2805 4.0468 3.7065 3.8141 0.0343 0.0367 0.8268 0.0002 0.0007 0.0033 1.8302 0.1531 0.1111 0.0003 0.0009 3.8756 3.1961 4.7563 1.1596 2.3655 0.0028 4.2497 4.5483 5.7583 4.0910 0.0709 1.5583 0.4980 3.3412
5.1956 0.0121 14.0314 3.5001 9.8185 3.7267 5.1809 2.1481 9.1337 1.9473 12.6884 0.4937 1.2686 6.4365 4.7934 3.7385 0.8348 2.2827 0.2704 9.0636 0.0414 6.6801 4.0678 1.4166 0.0557 3.2664 0.1463 1.0418 2.1191 1.7646 5.0807 5.5582 1.0631 0.0233 1.2588 2.0490 2.8153 1.6144 2.3962 2.2533 2.2489 0.4797 5.0846 1.9459 0.4036 4.4781 3.0550 2.7158 0.0670 0.4268 0.6470 0.2447 0.0387 0.1228 1.5232 2.6506 1.3980 0.3658 0.0614 0.0258 0.0088 1.1034 1.8985 2.4426 0.0407 2.2968 2.3222 2.3541 0.1244 4.7262 2.8688 0.0137 0.0368 0.0616 2.2752 1.3045 5.8773 0.5486 4.4823 6.3653 5.4733 0.0044 0.2336 0.6487 0.0061 0.0110 0.0266 0.6118 7.3991 1.0975 0.1587 0.1495 2.2601 5.3863 1.4216 5.8126 6.7501 1.4090 3.8778 2.5450 3.7338 5.9473 3.6313 0.8601 3.6789 0.7419 1.4246 0.3336 2.9486 0.4073 3.8401 4.8919 1.0375 0.4240
5.1814 0.0124 12.7827 1.6739 7.8177 0.0201 0.0098 0.8429 9.0886 0.1053 2.0932 3.3156 8.4693 2.2708 1.9889 1.6364 6.6089 1.2366 1.7555 6.0353 0.1307 0.0076 0.0274 1.3166 0.0022 1.1560 0.0008 0.0001 0.0169 0.0142 0.2910 7.3941 0.0682 8.3601 2.8574 3.3341 6.6393 1.2266 1.1203 0.0553 3.0854 0.0564 0.3144 0.0007 0.0001 0.0142 6.4683 1.0686 2.1915 2.5137 6.0510 0.2607 1.8733 0.0503 4.5486 0.3147 0.1541 1.8152 1.8539 0.0011 4.2314 4.5766 0.5146 0.7256 0.0706 2.5142 2.4070 0.5580 0.0608 0.0073 0.0201 0.1801 0.0100 0.1090 0.0135 0.0092 1.5178 0.7074 0.0585 0.0045 1.7349 2.0302 2.7297 4.3704 1.6923 0.6729 0.3916 0.4823 1.0109 0.0057 0.0001 0.0670 1.6090 0.1454 3.0696 0.0024 0.1469 1.7788 0.0003 0.1863 0.0013 0.0001 0.0078 0.0153 1.5498 4.7921 0.9619 5.7836 2.0054 0.4432 0.8784 0.0312 1.5970 0.0072 0.0003 0.2952 5.7220 0.0325 2.1284 1.0649 0.6258 2.8062 2.9389 1.5610 0.2671 0.2197 0.8142 0.0206 0.4295 0.0003 0.1194 0.0006 0.0003 0.0055 0.0165 0.9554 5.3196 0.0863
5.1961 0.0123 8.9532 5.7419 2.0354 5.3550 1.3608 3.5487 0.2709 0.0140 0.0013 0.0015 7.0058 4.9812 9.4226 1.1020 0.1716 2.6976 5.1314 0.0040 4.5527 0.0183 0.0005 0.0001 1.0552 0.2064 4.4533 0.0347 2.8586 5.7919 4.7865 3.6096 6.6444 5.9520 2.3216 0.5873 1.1714 1.5555 0.8282 1.9460 1.6482 2.3087 6.9049 3.9833 3.8460 3.0833 0.3179 0.6722 7.2587 0.9546 0.0017 0.2040 1.6030 2.9512 3.1561 2.9802 5.1279 0.6144 0.3067 4.4349 1.8901 2.1667 8.9409 5.5671 4.9266 0.1205 0.0047 0.0001 2.4691 6.8212 4.0315 8.2677 0.7443 2.7594 0.8247 4.1275 2.7026 0.2848 1.0843 3.3509 5.3094 5.6001 2.3570
5.1958 0.0120 16.1635 10.5102 3.3787 4.2739 8.2058 4.6242 5.8371 2.4463 0.9163 0.4953 1.7810 1.5085 0.8209 0.0012 6.8331 0.0403 2.0467 0.0014 2.0380 1.6458 1.3514 0.2111 7.6497 0.0461 5.1405 3.6376 0.1945 6.7679 6.3605 3.5994 0.3909 0.3996 5.8600 0.9823 0.0514 2.9589 0.9528 1.5217 0.0954 1.9089 3.8192 0.0236 0.5111 0.0275 0.0007 0.1675 5.4978 0.5351 0.0268 0.0098 0.5336 3.6837 0.5158 1.8923 0.4297 7.2075 0.8724 0.4142 0.5824 0.5266 0.0004 0.2142 0.0013 0.0009 0.4035 4.5098 4.7266 2.8207 4.0735 4.5520 3.1465 5.7673 6.7994 1.9925 2.1911 0.6714 2.3653 2.5634 2.4980 0.1175 1.4758 0.8556 2.0932 4.4381 3.4794 0.0131 0.9737 2.5907 0.0036 0.1553 1.7380 0.0355 1.2749 1.3450 0.0096 1.7959 2.2541 0.3012 0.0029
5.1958 0.0120 8.8900 10.4161 0.2842 9.6080 0.1310 0.9155 1.0781 2.9357 2.0953 0.4147 3.7048 0.0716 0.0271 1.0618 0.0002 0.0006 0.0200 6.4122 3.7885 7.7834 0.3116 1.9106 7.3196 0.0845 0.2955 2.6947 7.1003 0.0894 7.6701 2.0352 0.0689 3.6329 3.5328 2.6780 0.0078 0.6640 0.0033 2.0155 0.5933 0.7236 0.4203 0.1238 0.6732 0.0038 0.1971 2.0767 2.6900 3.0249 0.0098 0.9236 0.0096 1.3989 0.0016 2.0504 3.7064 1.0598 0.4295 1.6692 2.3574 0.0007 0.2028 3.0712 4.2263 9.6834 0.0198 0.3391 0.0118 1.0304 2.7976 0.4293 0.0227 1.7308 0.1304 1.0841 0.0188 0.1025 3.3937 1.6219 0.3943 0.0056 0.1419 0.9225 2.3085 2.2909 2.4051 0.3465 0.6225 0.0018 4.0219 0.4553 0.2038 2.6478 3.9756 0.5406 3.5012 0.8288 0.6671
5.2005 0.0121 8.9160 9.6797 3.9901 0.0576 7.0935 2.0685 0.8885 0.0003 7.9739 0.0510 3.8813 3.0355 0.5654 4.8970 0.3423 1.0192 0.3154 0.1309 0.0001 0.4472 0.1627 4.5791 0.0400 1.1455 0.0728 0.0385 0.0001 0.2704 0.0029 0.6631 5.9070 0.2762 2.5935 0.0049 0.0945 2.3504 4.4374 1.1597 0.1072 0.0533 3.4374 0.0009 0.0008 3.4627 1.7027 2.5456 3.7316 3.1548 4.1911 0.0241 0.7482 0.2612 0.0340 0.3324 1.5676 0.3444 1.7916 0.0023 1.8211 1.0464 2.6724 0.9395 0.6730 2.5432 0.0752 0.0541 0.0001 1.4938 0.7930 1.3178 0.0178
5.2117 0.0120 12.2858 8.7345 0.0548 5.6608 0.1351 0.8364 3.8340 0.1832 5.5678 0.9184 0.0028 0.2868 2.5150 0.3165 0.0023 0.0002 0.0007 2.0353 0.0013 0.0499 2.1310 5.4579 3.1677 0.0117 0.8660 0.0158 4.3062 1.4785 2.0260 1.0464 5.2302 1.2763 0.0819 0.0080 0.4104 0.5628 10.3175 0.0563 2.2363 3.7774 3.2691 4.3352 1.7840 0.1734 0.0079 0.0039 0.1104 1.0621 0.0324 0.0132 0.0874 3.5782 3.5301 0.0008 0.1487 0.0249 0.0075 3.2574 0.6153 0.0636 0.0048 0.0062 0.0219 0.0158 0.0005 0.1060 0.0024 0.1539 1.3368 1.7226 0.0001 1.3726 0.0800 1.2287 0.0009 0.0002 0.0003 1.0833 0.0140 0.0005 0.0561 0.7657 3.7338 0.0005 1.9993 0.0542 0.0004 0.0274 0.0013 5.0052 0.0806 2.3866 0.0793 2.4805 0.7531 0.0032 1.2699 1.2576 0.1444 1.0897 0.2798 0.0005 0.0390 0.8295 1.1155 0.0194 0.6080 0.0002 0.0185 0.0010 2.5186 2.7446 1.9355 1.3468 1.2294 0.4697 0.0168 9.7726 0.1620 0.0071 2.7810 0.0017 0.0804 2.0533
5.1956 0.0121 5.0314 5.8579 8.1720 0.2584 6.6900 1.1535 3.5182 2.4312 7.6044 3.5265 0.2286 4.8886 0.0770 5.1829 1.9220 0.3856 6.0202 0.0535 3.0815 1.8156 1.2410 5.1308 4.4348 1.0323 0.0756 2.9171 3.7148 0.0089 3.2470 0.3651 0.3504 2.2515 0.1245 0.0310 0.7693 2.1203 2.7706 1.2823 0.2019 0.4794 1.1876 2.5453 3.6112 9.3515 1.2952 6.1975 0.0915 0.3587 1.7691 2.9624 4.4757 6.2589 3.8530 3.2994 2.5690 5.2616 3.5303 0.2406 5.2614 4.4978 2.1416 1.7256 7.5679 2.2714 0.7731 0.0000 1.9003 6.5526 3.3823 3.9692 4.3105 5.5992 0.5460 0.8875 0.0594 2.0438 1.6052 4.1376 0.0055 0.3248 0.0004 0.0435 2.3483 4.1262 1.5271 4.1410 0.5073 0.4842 7.6225 3.0448 0.0023 1.9409 1.2672 3.2006 5.4322 1.9059 2.3911 2.8076 4.7922 5.0739 9.2343 6.1801 2.3516 0.0123 0.0002 1.4371 7.4471 4.6801 0.0435 3.6987 6.4783 1.6081 0.6251 1.0917
5.2005 0.0121 5.0410 15.5062 4.1771 4.0947 8.2293 13.1898 1.9264 1.4104 1.8563 0.9998 4.4136 0.0563 1.9293 0.2262 2.2471 2.6220 0.8033 0.0006 0.0844 7.4794 0.0230 6.0537 3.6465 4.1014 7.7766 1.0955 0.3838 2.3761 0.1507 1.2873 1.1404 2.6988 1.3746 5.2759 0.7002 6.3930 0.0030 0.0876 0.8353 0.7433 5.7753 1.0623 1.9978 0.7130 0.3654 0.8965 5.6211 0.9942 2.5229 1.0508 2.9754 0.4786 6.2197 1.3342 5.5129 1.5331 4.4540 4.3888 3.5341 3.3414 5.4465 0.1139 0.0793 1.1947 6.9846 0.2550 1.0314 0.0017 0.1383
5.1961 0.0123 12.2970 8.7340 0.0585 7.2002 0.0943 1.1586 2.4745 4.9644 0.0106 0.1063 0.2816 2.0964 0.0101 0.0575 0.1505 0.0007 0.0176 2.5797 2.6819 0.5190 1.2094 1.6076 0.0011 0.0112 0.0282 0.2702 0.3631 10.1859 0.0688 2.1806 0.0267 0.0028 0.1570 0.0083 0.1211 3.3604 0.3677 0.5014 0.6405 0.0003 0.0023 0.0018 0.0719 1.0884 5.9030 0.0021 0.0770 0.2378 0.0015 0.0383 0.3100 2.6987 0.0005 0.0319 0.0008 0.5577 3.6790 3.1828 0.0040 0.6295 3.3006 1.9773 1.8630 2.5457 2.0338 0.3009 3.8690 1.1041 1.2293 1.3624 1.4837 2.9868 3.5143 2.8020 1.1208 1.6998 0.3373 2.1805 2.3391 0.6764 1.4245 1.4506 0.1884
5.2005 0.0121 13.2129 2.1889 1.0962 8.5432 0.1169 5.7096 7.9514 0.0017 3.2397 3.2627 2.1549 11.6137 2.7625 5.7458 1.2755 2.7358 0.2679 0.1852 6.6225 0.0520 0.0039 0.2058 2.0855 1.9112 0.3214 7.0711 0.0993 3.0876 7.2671 1.0843 2.5518 1.6429 2.7271 2.8635 2.0933 4.3267 0.0160 0.0024 0.1684 0.5698 2.6564 1.8884 5.7628 0.0152 0.8863 0.0858 4.4689 0.0192 6.1925 3.1652 0.0046 0.0049 0.1494 0.2231 1.4449 2.9704 3.1929 1.7097 0.0149 0.0509 0.6431 0.0008 0.0005 0.0499 0.0502 0.6452 5.8020 2.8627 0.1977 0.5225 3.2153 3.3350 2.3718 1.8827
5.1958 0.0120 6.6400 13.4084 3.6343 0.4456 1.0049 2.7198 0.0220 1.7355 3.8379 0.2190 0.8497 0.0059 7.9534 0.1185 0.1363 1.0030 0.0069 3.9921 0.2709 0.2749 0.8073 6.3900 1.8675 4.3509 3.0824 2.3798 0.0893 0.0003 0.0003 0.0000 0.1399 0.5265 9.0069 0.0488 4.7770 2.6298 5.2269 0.1294 6.3540 0.2568 3.0836 0.0240 1.9248 8.1521 2.5680 0.0508 5.7721 5.0397 6.5343 8.0950 0.3046 4.4607 0.6472 9.7068 4.1109 6.5597 0.6849 0.2727 1.3963 2.3373 0.3030 0.0324 0.0678 0.0022 1.6521 2.7595 9.4215 1.8431 0.0951 1.0018 0.0108 0.1942 0.0063 3.9892 0.0030 5.7480 0.0465 3.1627 1.7655 0.0083 0.0158 0.0095 0.0073 0.1416 0.3715 0.5488 6.0609 1.0677 0.5989 0.1783 7.7931 4.9678 2.5210 2.3016 0.1131 0.0446 0.7100 2.9430
5.2005 0.0121 3.2910 18.3029 0.6146 6.9318 0.5061 3.0833 5.0387 1.1687 0.0062 1.6329 0.0717 0.0020 0.0001 0.0226 4.9210 0.2853 4.8704 4.1534 0.1103 1.5955 0.3652 6.4777 0.0380 2.3867 0.9938 1.1098 0.0004 0.0338 0.0203 0.9042 0.1844 0.0100 0.0008 0.1642 0.0036 0.0007 0.0001 0.1186 0.1305 0.0311 0.2345 0.0295 0.0054 0.1565 0.2088 0.4119 3.7277 3.2980 0.0009 0.0787 3.5859 4.8680 0.0002 0.0011 0.4865 0.4034 0.9915 3.1942 0.1809 2.7719 0.0138 0.4527 2.2220 2.2452 3.0844 0.1849
5.1958 0.0120 14.9525 0.1545 5.1267 6.1293 6.8562 5.2739 9.9159 0.3899 2.7183 4.3897 1.5548 0.0017 1.7932 1.4684 0.6096 0.6568 0.0214 0.0217 0.0263 0.0000 0.0337 1.0490 8.0563 0.0312 6.2530 6.4464 1.3383 4.7188 2.2633 1.6231 3.7128 1.5609 0.1895 5.2034 0.0519 0.8143 0.0065 0.2608 0.2603 2.0156 0.0447 7.5139 0.0453 3.1929 0.9395 6.0010 3.8939 1.8467 1.0798 0.0490 0.1134 0.0115 0.0069 0.0099 0.0000 0.0399 5.2296 3.4197 3.3294 0.5667 1.3025 5.7003 3.1288 6.1120 2.4188 1.7383 4.0993 1.7982 0.5431 2.7090 0.0084 2.2004 1.7707 0.1793 0.5597 0.3232 2.5541 0.5203 0.0966 3.5960 0.4883 3.9044 4.4685 3.8018 0.3009 1.9505 0.0492 4.7259 0.1365 7.7501 3.1014 0.0708 1.6453 3.0954 4.2400 0.0735 5.2599 0.3008 0.1162 0.0082
5.2005 0.0121 13.3691 6.5191 0.0067 0.0481 12.6477 0.9440 1.2799 10.4770 0.8189 4.8524 0.3451 0.1552 0.0001 0.0650 3.9440 9.0845 0.0648 0.0001 0.0050 4.8829 5.7952 4.0331 0.1310 0.0346 0.0125 0.3710 3.3601 1.0127 0.0010 2.7006 2.6592 3.2856 2.9445 1.7009 3.7465 3.2678 2.7091 4.9651 0.0568 0.0036 4.0718 0.2997 0.5592 1.5466 8.2185 0.0641 7.6315 2.9920 3.8282 3.3414 2.3964 3.1174 1.8027 1.2830 0.6573 0.8727 3.7692 3.4758 0.3638 5.3789 0.2053 3.2642 0.3039 5.4484 2.6838 3.5780 3.4506 0.3650 7.6142 2.6325 3.2055 0.0105 0.0760
5.1954 0.0120 7.0481 15.6401 1.1719 0.0695 3.6057 1.0568 4.1503 10.5827 1.5576 3.5244 0.1102 3.3000 0.2188 0.6154 0.2877 3.4638 0.5499 0.0082 0.3695 8.8404 0.0457 1.7269 1.3141 3.7121 1.7146 2.8538 1.1706 3.5547 2.3906 1.1862 0.0001 0.0015 0.0683 0.0056 0.2274 1.6220 0.0914 2.9492 1.6073 1.5595 1.5154 1.3351 0.2491 0.8126 0.0000 0.0026 0.0066 0.0056 0.0543 4.7696 0.0004 0.0133 3.2779 0.7826 1.7831 0.1290 7.7344 6.3801 1.1526 1.6086 0.4353 0.0071 3.5096 5.3603 5.4746 3.4984 0.0250 0.5605 0.0127 0.9952 0.2956 0.0056 0.0005 1.5036 2.5800 0.1366 2.4466 3.4536 0.0037 2.9459 0.4872 0.2392 5.7551 0.1268 0.0050 0.0561 1.1183 0.7813 0.8625 0.3013 7.4262 5.9649 0.0026 1.4042 0.0254 3.3093 0.5786 0.2389 0.0000 0.0009 0.0408 0.0028 0.0055 0.9579 0.3829 0.3962
5.2117 0.0120 15.2467 5.4363 0.0242 2.9329 0.0020 0.5422 0.1337 4.9241 3.0138 6.0298 3.9293 1.8381 3.4827 3.8295 4.8006 1.2414 4.7834 2.8931 0.0014 0.0069 0.4254 0.0005 0.2836 0.0989 1.9964 0.2759 9.3472 0.0997 2.3512 0.0013 0.0008 0.0985 0.0003 0.0137 0.0108 1.0751 0.3519 0.0844 0.0346 0.0038 0.0450 2.6769 0.3870 0.1078 0.0001 0.0001 0.0093 0.0002 0.0007 0.0065 0.0198 0.3798 2.8005 7.2324 0.0595 3.4326 1.0571 0.2299 0.5899 4.6359 0.9828 7.3575 1.9523 6.8394 0.0337 0.0687 3.6240 4.7095 0.0097 0.0035 0.3841 0.0078 3.2680 0.0837 2.2681 1.6720 4.3124 0.0708 1.1041 0.4799 2.9746 2.2016 1.7895 1.1790 4.6574 0.1262 1.3442 0.4827 2.1118 0.0018 2.7122 5.9232 1.1101 1.6729 0.8486 0.0025 0.6252 4.1601 0.0157 0.0560 0.0202 0.0071 4.7278 5.9094 0.0045 1.8862 4.7056 2.9200 3.5629 1.3164 0.1830 3.4369 0.0011 0.0509 0.0956 1.6718 0.9207 4.1075 6.2502 5.4608 0.0719 0.7269 1.5805
5.2005 0.0121 5.0410 16.2836 0.0874 2.1537 9.8145 0.2558 0.0061 3.2247 0.6705 3.8220 0.2533 3.6399 4.5450 3.4639 6.9421 4.1715 3.1030 0.0012 0.8750 3.6066 0.0800 9.0791 0.0480 1.2054 0.5804 4.2987 3.6296 7.0047 0.3317 0.4596 0.9374 2.9784 2.9417 5.6706 0.0279 0.0019 0.2347 0.3584 2.9050 0.0143 0.1544 3.1618 0.0290 0.1570 0.3471 2.4481 0.0001 0.8259 3.5294 3.3931 0.0166 0.0352 2.6135 3.5289 1.8948 3.8809 5.1221 0.0760 2.3706 0.0435 0.0205 1.2101 2.3187 5.7025
5.2005 0.0121 3.2910 6.4669 0.7111 4.8464 0.0509 8.5246 3.1512 0.0852 0.3412 5.0984 3.2385 1.3545 0.7267 0.1553 4.5191 0.0166 5.7761 0.0884 3.7279 0.0070 3.9221 0.2840 1.9048 0.0661 4.7902 0.3326 0.0394 0.8572 5.5993 2.2354 1.4334 1.8380 0.3599 1.6084 3.9191 3.1354 3.1240 0.0006 3.1151 0.0017 0.0004 0.2849 1.4897 2.0472 1.4636 0.0004 0.0008 0.9049 1.7021 5.7088 1.9182 0.0093 3.3251 0.1616 0.9733 2.3412 0.4168 1.0843 0.0003 0.0004 0.5016 1.6870 0.4547 1.5816 0.3686 4.4640 4.3195 1.6370 0.0032 0.0005 1.0264 3.0693 0.5570 0.9640 2.5431 0.0006 0.7523 0.4057
5.1750 0.0119 3.3275 6.4046 0.7080 6.6665 0.1905 12.4569 0.2185 0.0010 0.0002 0.3253 4.4098 0.6026 0.1045 0.0009 7.2664 0.0167 0.0005 1.7853 4.7059 0.0149 8.1622 5.3567 5.3306 2.1453 1.4286 1.5623 2.9098 4.4262 3.2053 3.6081 0.9143 9.5293 0.3485 5.9448 2.5170 6.0825 3.4068 8.7068 3.2879 3.0153 3.4269 3.5041 2.1667 0.6196 3.8137 2.0898 12.8088 2.5166 4.6821 3.3031 0.2482 7.6506 1.6363 4.5412 0.3256 4.2273 4.7664
5.2090 0.0121 7.0203 11.1584 2.1946 1.5419 6.5876 5.6551 2.9353 1.9952 1.2781 2.2971 1.1829 5.2790 0.0184 2.4975 0.1844 0.0800 1.9762 0.9695 4.6721 0.6119 2.3270 0.0101 0.2390 0.0006 0.0003 0.3794 4.9940 0.0956 0.1071 0.9686 2.3846 0.9334 2.5541 0.3118 1.8359 3.1973 3.0050 0.0093 1.5272 0.0209
5.1967 0.0120 3.3381 16.0440 6.6142 0.0236 6.4525 2.4975 2.3497 0.0051 0.1575 6.3879 2.8262 8.6788 2.0531 0.5927 0.2113 5.2618 0.0090 1.3943 0.5721 3.2269 5.9114 0.0243 0.0752 7.1957 0.0027 0.0500 1.3532 3.5184 0.8152 2.0465 8.2252 0.1150 0.0004 0.1276 4.9331 2.6254 0.7844 0.5172 0.1031 4.7257 2.6188 0.0782 0.4884 0.0963 0.3651 2.4846 0.1509 0.0025 0.0004 0.0002 0.2028 1.4838 2.2166 1.8925 2.5180 1.5348 10.3828 0.0002
5.1958 0.0120 6.6400 11.6037 8.1426 0.6762 4.3744 0.1592 0.0005 0.0048 0.7865 4.7238 1.8226 1.4207 0.4288 0.0083 0.2015 0.0042 0.5825 0.0015 2.7136 2.2630 0.3512 7.0461 0.0227 6.2464 2.9813 1.0363 0.0068 0.1629 0.0162 0.0706 1.0555 0.3600 0.0479 0.1961 4.8781 0.0004 0.0000 0.0843 4.2752 0.0009 0.5355 6.0417 3.6070 0.0008 0.1830 0.0064 0.0001 0.0006 1.0539 1.6833 0.8123 1.7448 3.3027 0.1608 1.7440 0.1003 0.0013 0.0117 0.2933 0.6106 0.6602 0.3622 0.0634 0.0014 0.0002 0.0024 4.5721 2.3179 0.4097 0.3407 0.1315 2.1285 0.0094 0.0006 0.9760 1.1335 1.2345 0.0515 0.0018 0.0030 0.0675 0.0002 2.2415 2.0822 2.4478 0.2903 3.0674 0.3065 0.3864 3.3433 3.5002 0.3618 3.6111
